ITERAÇÃO,NR PONTOS SELECIONADOS,TOTAL PONTOS,LISTA DE PONTOS,RESULTADO
1,21,30,1 2 4 5 7 8 9 10 12 13 14 16 17 19 20 22 23 25 26 27 30 ,1.801430
2,30,30,1 2 3 4 5 6 7 8 9 10 11 12 13 14 15 16 17 18 19 20 21 22 23 24 25 26 27 28 29 30 ,-6.066001
3,20,30,4 5 7 8 9 10 11 12 14 17 19 21 22 24 25 26 27 28 29 30 ,-8.337999
4,5,30,3 14 16 28 29 ,0.876000
5,6,30,7 8 12 25 26 29 ,-4.528333
6,16,30,1 2 3 5 6 7 8 9 10 14 15 17 23 24 26 30 ,-1.994998
7,25,30,2 3 4 5 6 7 8 10 12 13 14 15 16 17 18 20 21 22 23 24 25 26 27 28 29 ,-1.086000
8,26,30,1 2 3 4 5 6 7 9 11 13 14 15 16 17 18 19 20 21 22 24 25 26 27 28 29 30 ,-8.228462
9,27,30,1 2 3 5 6 7 8 9 10 11 12 13 14 15 16 19 20 21 22 23 24 25 26 27 28 29 30 ,-5.074074
10,11,30,3 5 6 9 10 13 21 25 26 28 29 ,-6.446363
11,30,30,1 2 3 4 5 6 7 8 9 10 11 12 13 14 15 16 17 18 19 20 21 22 23 24 25 26 27 28 29 30 ,-6.066001
12,14,30,5 7 8 10 14 15 16 18 21 22 24 25 26 27 ,2.699287
13,18,30,2 3 5 7 8 9 11 12 16 17 19 20 22 23 24 26 27 30 ,1.091111
14,28,30,1 2 3 4 5 6 7 8 10 11 12 13 14 15 17 18 19 20 21 22 23 24 25 26 27 28 29 30 ,-5.962139
15,11,30,1 3 5 10 16 18 22 23 25 26 27 ,-4.453636
16,5,30,5 8 9 13 29 ,-8.386001
17,18,30,5 7 9 11 12 13 15 16 17 19 20 21 22 23 25 26 27 29 ,-0.101667
18,18,30,1 6 8 9 10 11 14 15 16 17 19 20 21 23 24 25 28 30 ,-0.280556
19,25,30,1 2 3 4 5 6 7 8 11 12 14 15 16 17 18 19 20 22 23 24 25 26 27 28 30 ,-3.306799
20,28,30,1 3 4 5 6 7 8 9 10 11 12 13 14 15 16 17 18 20 21 22 23 24 25 26 27 28 29 30 ,-6.418929
21,15,30,2 3 6 7 8 12 13 15 16 18 22 25 26 29 30 ,-8.022001
22,19,30,2 3 4 5 6 10 11 14 15 16 19 20 22 24 25 26 27 28 30 ,-1.800001
23,7,30,1 3 6 9 21 26 27 ,-5.560000
24,23,30,1 2 5 6 7 8 12 13 14 15 16 18 19 20 21 22 23 24 25 26 27 28 30 ,-0.404348
25,30,30,1 2 3 4 5 6 7 8 9 10 11 12 13 14 15 16 17 18 19 20 21 22 23 24 25 26 27 28 29 30 ,-6.066001
26,9,30,2 12 14 16 18 23 24 27 29 ,-0.804444
27,22,30,1 2 3 4 5 6 7 8 9 10 13 14 15 17 19 20 21 22 24 26 27 30 ,-3.771362
28,20,30,1 2 4 5 7 8 9 11 14 15 17 18 19 20 21 22 23 24 27 29 ,-6.260499
29,26,30,1 2 3 4 6 7 9 10 11 12 13 14 15 16 17 18 19 21 22 23 24 26 27 28 29 30 ,-7.236535
30,10,30,4 11 12 13 16 20 22 25 26 28 ,1.103000
31,18,30,1 2 3 4 5 6 7 8 11 12 13 14 16 17 19 24 25 27 ,3.238333
32,20,30,1 3 4 5 6 8 9 10 12 16 18 21 22 23 24 25 26 27 28 29 ,-3.502500
33,11,30,5 6 9 10 11 13 17 23 24 25 28 ,-4.173636
34,24,30,1 2 3 5 6 7 8 9 11 12 13 14 15 16 17 18 19 20 21 24 25 26 28 29 ,-3.200415
35,7,30,3 5 8 16 18 19 30 ,0.022857
36,14,30,1 2 3 5 9 12 16 18 19 23 25 27 29 30 ,-1.254285
37,30,30,1 2 3 4 5 6 7 8 9 10 11 12 13 14 15 16 17 18 19 20 21 22 23 24 25 26 27 28 29 30 ,-6.066001
38,10,30,3 6 7 16 20 21 23 25 27 29 ,0.065999
39,2,30,25 28 ,-4.835000
40,10,30,1 5 6 8 14 17 25 27 28 29 ,-0.168000
41,7,30,1 4 8 9 15 20 29 ,-5.815714
42,20,30,3 4 5 6 7 8 10 14 15 16 17 18 19 22 23 24 25 26 27 28 ,1.581999
43,6,30,1 6 9 14 22 29 ,-0.396667
44,15,30,3 5 6 7 8 9 11 14 15 18 19 20 23 25 30 ,-0.722666
45,13,30,2 7 8 9 10 12 13 15 16 20 21 26 29 ,-1.817693
46,6,30,4 19 20 22 24 29 ,-5.491667
47,17,30,2 3 4 6 7 9 10 12 13 15 16 18 20 23 24 25 28 ,-1.837059
48,9,30,10 12 13 14 17 20 21 24 30 ,3.093333
49,26,30,2 3 4 5 6 7 8 9 10 11 12 13 15 16 17 18 19 20 21 22 24 25 26 27 28 30 ,-2.088845
50,17,30,1 2 3 5 6 7 8 9 11 14 18 19 20 22 23 27 28 ,-8.459997
51,25,30,1 3 4 5 6 7 8 9 10 11 12 13 14 15 16 17 18 19 20 21 22 24 25 26 30 ,-4.270398
52,5,30,12 18 25 27 29 ,1.216000
53,8,30,3 4 8 12 13 14 22 25 ,0.807500
54,23,30,1 2 3 4 5 6 8 9 10 11 12 13 14 15 16 18 20 21 22 25 27 29 30 ,-5.552173
55,27,30,1 2 3 5 6 7 8 9 10 11 13 14 15 16 17 18 19 20 21 22 23 24 26 27 28 29 30 ,-6.245184
56,19,30,1 2 3 4 6 7 8 10 13 16 17 19 21 23 25 27 28 29 30 ,-0.155263
57,25,30,1 2 3 4 5 6 7 8 9 11 13 14 15 16 17 18 19 21 23 24 25 27 28 29 30 ,-5.335598
58,21,30,1 2 4 5 6 9 11 12 13 14 15 18 19 21 22 24 25 26 27 28 30 ,-6.933333
59,29,30,1 2 3 4 5 6 7 8 9 10 11 12 13 14 15 16 17 18 19 21 22 23 24 25 26 27 28 29 30 ,-6.528620
60,26,30,2 3 4 5 6 7 8 9 10 11 12 13 14 15 16 17 20 21 22 23 24 25 26 28 29 30 ,-6.904614
61,29,30,1 2 3 4 5 6 7 8 9 10 11 12 13 14 15 16 17 18 19 20 21 22 23 25 26 27 28 29 30 ,-7.543102
62,12,30,2 5 7 8 12 16 17 18 19 21 24 30 ,1.586667
63,4,30,3 4 18 28 ,4.480000
64,16,30,1 2 3 4 5 6 10 13 14 17 18 20 22 26 27 28 ,0.250000
65,5,30,5 12 21 23 24 ,-1.678000
66,4,30,3 5 8 22 ,1.277500
67,24,30,1 2 3 4 6 7 8 9 10 11 12 13 14 15 16 18 20 21 22 23 24 25 26 28 ,-5.399998
68,3,30,3 11 30 ,-0.610000
69,4,30,1 7 15 20 ,-3.257500
70,21,30,5 7 9 11 14 15 16 17 18 19 20 21 22 23 24 25 26 27 28 29 30 ,-4.364286
71,30,30,1 2 3 4 5 6 7 8 9 10 11 12 13 14 15 16 17 18 19 20 21 22 23 24 25 26 27 28 29 30 ,-6.066001
72,9,30,4 11 12 13 14 17 18 25 28 ,-1.151111
73,15,30,2 4 5 6 8 9 14 16 17 21 22 23 24 26 30 ,-3.188000
74,10,30,4 8 10 11 12 13 14 17 21 30 ,-2.458000
75,19,30,1 2 3 4 5 6 8 9 10 11 14 16 18 19 21 22 25 29 30 ,-7.428946
76,29,30,1 2 3 4 5 6 7 8 9 10 11 12 13 14 15 16 17 18 19 20 21 22 23 24 25 26 27 29 30 ,-5.677241
77,29,30,1 3 4 5 6 7 8 9 10 11 12 13 14 15 16 17 18 19 20 21 22 23 24 25 26 27 28 29 30 ,-5.377588
78,27,30,1 2 3 4 5 6 7 9 10 11 13 14 15 16 17 18 19 20 21 22 23 24 25 26 27 28 29 ,-7.783704
79,3,30,6 17 22 ,2.140000
80,9,30,3 8 9 14 16 18 20 26 30 ,0.694445
81,4,30,8 12 14 27 ,0.322500
82,27,30,1 2 3 4 5 6 7 8 9 12 13 14 15 16 17 18 19 20 21 22 23 24 25 26 27 28 29 ,-3.351482
83,15,30,7 9 10 12 13 14 16 18 19 20 21 24 26 27 28 ,4.684000
84,12,30,1 2 7 9 11 13 14 19 20 21 28 30 ,-8.497502
85,26,30,1 2 3 4 5 6 7 9 10 11 12 13 14 15 16 17 18 19 20 21 22 23 24 25 28 30 ,-7.988847
86,23,30,1 2 4 5 8 9 10 11 14 15 16 17 18 19 20 21 23 24 25 26 27 29 30 ,-4.232608
87,20,30,3 4 5 6 7 11 12 13 14 17 18 19 20 21 22 23 24 25 29 30 ,-7.078500
88,18,30,4 5 6 8 10 12 13 14 16 17 19 20 24 25 26 27 28 29 ,5.585555
89,25,30,2 4 5 8 9 10 11 12 13 14 15 16 17 18 19 20 21 22 23 24 25 26 27 28 30 ,0.671201
90,8,30,3 9 13 15 18 25 27 30 ,4.216250
91,12,30,3 4 12 15 16 17 20 23 24 27 28 29 ,1.919166
92,22,30,1 4 5 6 7 8 12 13 15 16 17 18 20 21 22 23 24 25 26 27 29 30 ,-1.502272
93,16,30,3 5 7 8 10 14 17 18 19 21 22 23 24 27 28 30 ,1.105625
94,5,30,5 10 11 15 25 ,1.250000
95,20,30,1 2 3 5 6 9 10 11 12 14 16 18 19 21 23 24 27 28 29 30 ,-7.223998
96,15,30,3 10 11 13 14 16 18 19 21 22 24 25 26 28 29 ,-1.337333
97,20,30,1 2 3 4 5 6 7 8 9 11 13 14 15 16 17 18 19 22 26 29 ,-8.549500
98,13,30,5 7 8 10 11 12 14 18 22 23 26 27 30 ,-5.961538
99,20,30,2 3 4 5 6 7 8 9 14 15 17 18 20 21 22 23 25 28 29 30 ,-8.087500
100,13,30,1 5 7 9 12 13 14 15 19 20 27 29 30 ,-9.705384
101,13,30,1 2 4 6 8 9 15 16 21 24 27 29 30 ,-5.291539
102,18,30,1 3 5 6 8 9 13 14 16 17 18 22 23 24 26 27 28 30 ,-3.894446
103,17,30,4 7 8 10 11 12 13 14 15 16 17 19 20 21 22 26 29 ,0.294707
104,7,30,1 10 11 12 15 19 22 ,-0.618571
105,28,30,1 2 3 4 5 6 7 8 9 10 11 12 13 15 16 17 18 19 21 22 23 24 25 26 27 28 29 30 ,-6.077857
106,6,30,2 3 9 17 24 27 ,0.873333
107,26,30,1 2 3 4 5 6 7 8 10 11 14 15 16 17 19 20 21 22 23 24 25 26 27 28 29 30 ,-4.621541
108,4,30,1 11 13 22 ,-4.170000
109,2,30,1 11 ,-0.370000
110,19,30,1 2 4 6 7 8 9 10 11 13 15 17 19 20 23 24 25 27 28 ,-0.545263
111,24,30,2 4 5 6 7 9 12 13 14 15 16 17 18 19 20 21 23 24 25 26 27 28 29 30 ,-2.535834
112,9,30,8 10 11 12 15 20 22 29 30 ,-5.414444
113,18,30,1 2 3 4 5 8 9 12 13 16 17 19 21 22 24 26 28 30 ,-1.650555
114,18,30,1 4 5 6 9 12 13 14 15 16 18 19 20 21 26 27 29 30 ,-6.356112
115,16,30,1 2 3 4 7 10 12 13 14 15 16 17 23 24 28 30 ,1.093125
116,2,30,5 25 ,0.780000
117,23,30,1 2 6 7 8 9 10 11 12 14 15 16 17 18 19 20 21 22 23 24 25 26 27 ,1.708695
118,15,30,2 3 6 7 8 9 10 12 13 14 17 20 21 24 30 ,-1.955334
119,18,30,1 5 7 8 9 10 11 12 13 14 15 20 23 24 25 28 29 30 ,-5.658888
120,2,30,18 20 ,-4.220000
121,13,30,2 3 4 5 10 15 17 21 22 26 27 28 29 ,-1.189231
122,23,30,1 2 3 4 6 8 9 10 13 14 15 16 18 20 21 22 23 25 26 27 28 29 30 ,-5.820001
123,14,30,1 2 4 8 11 12 13 15 17 19 22 23 25 30 ,-3.310000
124,7,30,2 9 10 14 17 24 25 ,4.307143
125,2,30,12 20 ,3.005000
126,13,30,1 2 3 5 7 8 16 17 21 25 26 28 29 ,-5.231539
127,24,30,1 2 4 5 6 7 8 9 10 12 13 14 15 16 17 19 20 21 23 25 26 27 28 30 ,-0.507499
128,17,30,3 4 5 7 8 9 10 11 12 17 19 20 21 22 24 28 30 ,-5.638235
129,8,30,4 6 11 16 19 20 21 27 ,3.503750
130,7,30,12 17 24 26 28 29 30 ,-0.665714
131,13,30,3 4 5 6 9 11 13 15 17 19 23 24 28 ,-4.523077
132,22,30,1 2 4 5 7 8 9 11 12 13 14 15 17 19 20 21 23 24 26 27 28 30 ,-2.507269
133,10,30,3 5 7 8 13 19 20 21 26 29 ,-3.786999
134,3,30,25 29 30 ,-3.453334
135,3,30,6 24 27 ,3.883333
136,22,30,1 2 3 4 5 7 8 11 12 13 14 15 16 17 18 19 20 22 23 26 29 30 ,-7.977272
137,5,30,17 19 21 24 29 ,3.170000
138,5,30,6 18 21 23 24 ,-0.392000
139,12,30,2 4 9 10 16 17 18 19 20 21 25 26 ,0.551667
140,24,30,1 2 3 4 6 7 8 9 11 12 13 14 15 16 17 19 21 22 23 24 25 26 28 30 ,-4.128330
141,21,30,1 3 4 6 8 10 12 14 15 16 17 18 19 21 22 23 24 25 26 27 28 ,2.588572
142,13,30,1 3 4 10 11 13 18 19 22 24 25 29 30 ,-5.993076
143,14,30,1 2 5 7 11 14 16 17 18 20 21 24 26 27 ,1.440000
144,10,30,2 7 9 12 18 21 26 28 29 30 ,-7.110000
145,13,30,4 5 6 7 8 11 14 16 19 21 23 27 28 ,-0.923847
146,17,30,1 2 4 7 8 9 10 11 13 15 17 18 23 25 27 28 29 ,-3.800589
147,28,30,1 2 3 4 5 6 7 8 9 10 12 13 14 15 16 17 18 19 20 21 22 23 25 26 27 28 29 30 ,-5.842500
148,9,30,1 4 6 13 19 23 24 29 30 ,-1.431111
149,18,30,2 3 4 7 8 10 11 12 14 15 16 17 18 23 25 26 28 29 ,-7.419444
150,28,30,1 2 3 4 5 6 7 8 9 10 11 12 13 15 16 17 19 20 21 22 23 24 25 26 27 28 29 30 ,-5.300357
151,12,30,4 6 8 9 10 13 15 18 20 22 24 27 ,-0.878333
152,27,30,1 2 3 4 5 6 7 8 9 10 11 12 13 14 15 16 17 18 20 21 22 24 25 26 28 29 30 ,-8.401852
153,25,30,1 3 4 5 7 8 9 10 11 12 14 15 17 18 20 21 22 23 24 25 26 27 28 29 30 ,-8.493999
154,27,30,1 2 3 4 6 7 8 9 11 12 13 14 15 16 17 18 19 20 21 22 23 24 25 26 27 29 30 ,-4.102961
155,23,30,2 4 6 7 8 9 10 12 13 14 15 16 18 19 20 22 23 24 25 26 27 29 30 ,-1.985218
156,21,30,1 2 3 4 5 8 9 12 13 14 15 17 18 19 20 21 22 25 26 29 30 ,-6.363809
157,9,30,2 5 6 11 20 22 23 24 29 ,-2.941112
158,6,30,6 7 10 16 17 25 ,-3.698333
159,30,30,1 2 3 4 5 6 7 8 9 10 11 12 13 14 15 16 17 18 19 20 21 22 23 24 25 26 27 28 29 30 ,-6.066001
160,30,30,1 2 3 4 5 6 7 8 9 10 11 12 13 14 15 16 17 18 19 20 21 22 23 24 25 26 27 28 29 30 ,-6.066001
161,20,30,2 3 4 5 7 8 10 11 13 15 16 17 18 20 21 24 25 26 27 28 ,2.489499
162,4,30,9 21 23 28 ,-2.525000
163,9,30,1 2 7 9 14 19 20 21 25 ,-1.542222
164,13,30,4 5 8 10 12 16 17 19 21 23 25 27 30 ,7.430768
165,5,30,5 12 13 15 18 ,-1.752000
166,2,30,19 25 ,4.975000
167,6,30,4 17 20 21 25 30 ,-1.035000
168,17,30,1 3 4 5 7 8 9 10 13 14 15 18 22 24 25 27 28 ,-2.078234
169,28,30,1 2 3 4 5 6 7 8 9 10 11 12 13 14 15 16 17 18 19 20 21 22 24 25 26 28 29 30 ,-7.674644
170,17,30,1 4 5 7 9 11 12 13 14 15 16 17 20 25 26 28 30 ,-4.187057
171,27,30,1 2 3 4 5 6 7 8 9 10 11 12 13 14 16 18 20 21 22 23 24 25 26 27 28 29 30 ,-8.688148
172,13,30,2 4 6 8 10 15 16 17 19 22 23 26 29 ,-0.738461
173,24,30,2 3 4 5 6 7 8 9 10 11 12 13 14 16 17 18 20 22 25 26 27 28 29 30 ,-8.267918
174,19,30,5 6 7 8 10 11 13 14 15 17 20 21 22 23 25 26 27 28 30 ,-1.564737
175,20,30,1 2 3 4 5 7 10 11 12 13 14 15 17 18 19 20 22 25 27 29 ,-8.085999
176,21,30,2 4 5 6 7 8 9 11 12 13 14 15 16 17 20 21 22 24 25 26 27 ,2.109999
177,5,30,3 4 9 21 22 ,-7.110000
178,14,30,3 6 7 8 9 12 13 17 18 19 21 24 29 30 ,-3.249285
179,29,30,1 2 3 4 5 6 7 8 9 10 12 13 14 15 16 17 18 19 20 21 22 23 24 25 26 27 28 29 30 ,-4.427588
180,22,30,1 4 5 6 7 8 9 10 11 12 14 15 16 19 20 21 22 24 26 27 28 30 ,-6.354091
181,26,30,2 4 5 6 7 8 9 10 11 12 13 14 15 16 18 19 20 21 22 23 24 26 27 28 29 30 ,-6.298844
182,29,30,1 2 3 4 5 6 7 8 9 10 11 12 13 14 15 16 17 18 19 20 21 22 23 24 25 26 27 28 29 ,-4.386554
183,2,30,1 4 ,0.345000
184,22,30,2 4 5 6 7 8 9 10 13 14 15 16 17 19 21 22 23 25 26 27 28 30 ,-1.633636
185,28,30,1 2 3 4 5 6 7 8 9 10 11 12 13 14 16 17 18 19 21 22 23 24 25 26 27 28 29 30 ,-6.977856
186,19,30,3 4 5 6 9 11 12 14 17 18 19 20 21 22 23 24 26 28 29 ,-5.860526
187,10,30,6 9 10 13 15 17 20 21 26 29 ,-1.294000
188,18,30,2 3 4 5 7 8 9 10 11 14 15 18 19 20 22 23 24 26 ,-4.853330
189,16,30,5 7 8 9 10 11 12 13 15 18 19 20 21 22 28 30 ,-4.124375
190,14,30,1 3 4 6 8 9 11 12 14 15 20 24 28 29 ,-1.799286
191,18,30,1 4 7 9 10 12 13 14 18 20 21 22 23 24 25 26 29 30 ,-11.189444
192,28,30,1 2 3 4 5 6 7 9 10 11 12 13 14 15 17 18 19 20 21 22 23 24 25 26 27 28 29 30 ,-9.200714
193,15,30,1 4 5 11 12 16 17 20 22 23 24 25 27 28 29 ,-2.253999
194,16,30,4 6 7 8 9 14 15 17 20 22 23 25 26 27 28 29 ,-2.455624
195,6,30,5 9 10 12 13 30 ,-1.955000
196,24,30,3 4 6 7 8 9 10 11 12 13 15 16 17 18 20 21 22 23 24 25 26 27 28 30 ,-0.874583
197,27,30,1 2 3 4 5 6 7 9 10 11 12 13 14 15 16 17 18 19 20 21 22 24 25 26 27 29 30 ,-7.497779
198,13,30,2 3 5 8 9 11 12 13 14 16 22 29 30 ,-7.056152
199,6,30,2 3 9 10 20 30 ,2.100000
200,27,30,2 3 4 5 6 7 8 9 10 11 14 15 16 17 18 19 20 21 22 23 24 25 26 27 28 29 30 ,-5.369259
201,16,30,2 3 4 8 12 14 15 16 18 19 20 21 22 23 27 28 ,-1.333749
202,26,30,1 2 3 4 5 6 8 9 10 11 12 13 14 15 16 17 18 19 20 21 22 23 25 26 27 28 ,-1.663461
203,2,30,14 26 ,-1.685000
204,6,30,1 11 12 16 21 29 ,2.613333
205,4,30,12 21 23 27 ,2.260000
206,24,30,1 2 3 4 5 6 7 8 9 10 12 15 16 17 20 21 22 23 24 25 26 27 28 29 ,-3.273333
207,22,30,2 4 5 6 11 12 13 14 15 16 17 18 19 20 21 22 23 24 26 27 29 30 ,-3.540455
208,18,30,1 2 8 9 12 14 15 18 19 20 22 23 24 25 26 27 28 30 ,-0.076111
209,14,30,2 5 8 9 10 13 14 17 23 24 25 26 27 30 ,3.665714
210,25,30,1 3 4 8 9 10 12 13 14 15 16 17 18 19 20 21 22 23 24 25 26 27 28 29 30 ,0.080801
211,2,30,11 16 ,0.260000
212,26,30,1 2 3 4 5 6 7 8 9 10 11 12 14 15 17 18 19 21 22 23 24 26 27 28 29 30 ,-9.538076
213,13,30,4 5 7 8 9 13 16 17 20 21 23 26 27 ,5.316923
214,20,30,4 5 6 7 10 11 14 15 16 17 18 20 21 22 23 24 25 27 28 29 ,-3.749501
215,24,30,1 2 3 5 6 7 8 9 10 12 13 14 15 16 17 18 19 22 24 25 26 27 28 29 ,-1.874167
216,9,30,4 7 8 15 18 21 22 27 28 ,3.880001
217,8,30,1 4 6 9 11 12 23 24 ,-3.771250
218,22,30,1 2 3 5 6 8 10 11 12 14 15 16 17 18 19 20 22 23 24 25 27 28 ,0.726363
219,9,30,4 8 11 13 18 19 23 26 28 ,1.176667
220,30,30,1 2 3 4 5 6 7 8 9 10 11 12 13 14 15 16 17 18 19 20 21 22 23 24 25 26 27 28 29 30 ,-6.066001
221,4,30,6 18 19 24 ,2.642500
222,5,30,2 15 17 24 29 ,2.974000
223,17,30,1 5 6 7 9 10 14 15 17 18 22 23 24 27 28 29 30 ,-7.300001
224,9,30,3 9 11 13 20 22 23 29 30 ,-5.550000
225,10,30,7 11 12 13 14 15 16 18 19 26 ,-2.096000
226,29,30,1 2 3 4 5 6 7 8 9 10 11 12 14 15 16 17 18 19 20 21 22 23 24 25 26 27 28 29 30 ,-6.736207
227,18,30,6 8 11 12 13 14 16 17 18 19 21 23 25 26 27 28 29 30 ,2.275556
228,15,30,1 3 4 5 9 14 15 17 18 19 21 25 28 29 30 ,-7.848668
229,26,30,1 3 4 5 7 8 9 10 11 12 13 14 15 16 17 18 19 20 22 23 25 26 27 28 29 30 ,-5.130768
230,26,30,1 2 3 4 7 9 10 11 12 13 14 15 16 17 18 19 20 21 22 23 24 25 26 28 29 30 ,-7.088079
231,8,30,1 5 12 14 20 23 24 30 ,-1.317500
232,27,30,1 2 3 4 5 6 7 8 10 12 14 15 16 17 18 19 20 21 22 23 24 25 26 27 28 29 30 ,-3.397035
233,10,30,1 8 10 14 15 16 20 22 23 30 ,-1.231000
234,27,30,1 2 4 5 6 7 8 9 10 11 12 14 15 16 17 18 19 20 21 22 23 24 25 26 27 29 30 ,-5.259629
235,5,30,4 8 10 20 29 ,-9.472000
236,24,30,2 3 5 7 8 9 10 11 13 14 15 16 18 19 21 22 23 24 25 26 27 28 29 30 ,-4.123750
237,9,30,1 2 8 13 15 24 25 28 29 ,-2.856667
238,12,30,2 3 8 11 13 17 22 23 25 26 28 29 ,-6.584167
239,8,30,1 3 6 9 12 18 20 25 ,0.281250
240,3,30,20 26 28 ,-0.046667
241,14,30,1 5 6 7 11 15 16 17 18 19 24 25 26 29 ,-1.842857
242,21,30,1 2 7 8 9 10 11 15 17 18 20 21 22 23 24 25 26 27 28 29 30 ,-7.498570
243,29,30,1 2 3 4 5 6 7 8 9 10 11 12 13 14 15 16 17 18 19 20 21 22 23 24 25 26 28 29 30 ,-7.856553
244,12,30,1 2 3 11 14 17 19 20 21 22 28 29 ,-2.906667
245,14,30,1 3 8 9 10 12 13 16 17 21 22 24 25 29 ,2.066429
246,23,30,2 3 5 6 7 8 9 10 12 14 15 16 17 18 19 20 23 24 25 26 28 29 30 ,-3.405652
247,13,30,1 3 5 6 9 14 17 18 19 21 25 27 29 ,-4.037694
248,14,30,1 5 6 8 9 10 11 13 14 15 17 18 24 26 ,-0.994285
249,19,30,1 2 3 4 5 8 12 14 16 19 20 21 22 23 24 25 26 28 29 ,-1.514736
250,8,30,2 4 8 13 18 22 27 30 ,0.067500
251,18,30,3 4 5 7 8 9 10 11 12 14 16 17 18 19 20 23 27 30 ,-1.837778
252,26,30,1 2 3 4 5 6 7 8 9 10 12 16 17 18 19 20 21 22 23 24 25 26 27 28 29 30 ,-4.571153
253,21,30,1 3 5 6 8 9 11 12 13 14 15 16 17 18 19 20 21 23 24 28 30 ,-3.389048
254,11,30,8 10 11 15 20 21 24 26 27 28 29 ,0.070000
255,21,30,1 2 3 4 5 7 8 11 13 15 16 18 19 20 21 22 23 24 25 29 30 ,-8.088572
256,4,30,1 8 25 28 ,2.037500
257,3,30,4 11 29 ,0.040000
258,16,30,3 5 7 10 12 13 14 15 16 17 18 20 22 23 24 27 ,1.814375
259,25,30,1 2 3 4 8 9 10 11 12 14 15 17 18 19 20 21 22 23 24 25 26 27 28 29 30 ,-5.485999
260,11,30,4 5 7 10 13 15 17 18 19 29 30 ,-6.634546
261,29,30,1 2 3 4 5 6 7 9 10 11 12 13 14 15 16 17 18 19 20 21 22 23 24 25 26 27 28 29 30 ,-8.006553
262,12,30,1 2 5 11 13 15 19 20 22 24 25 29 ,-7.995832
263,21,30,1 2 5 6 7 8 9 10 14 15 16 17 18 19 21 22 24 25 27 28 29 ,-0.409048
264,12,30,1 2 6 12 18 19 20 21 22 24 28 30 ,-4.675833
265,30,30,1 2 3 4 5 6 7 8 9 10 11 12 13 14 15 16 17 18 19 20 21 22 23 24 25 26 27 28 29 30 ,-6.066001
266,2,30,6 9 ,-4.245000
267,12,30,3 5 6 8 14 19 20 25 26 28 29 30 ,-3.812500
268,8,30,1 3 10 14 16 20 25 29 ,1.427500
269,21,30,4 5 7 9 10 11 12 13 14 15 16 18 19 21 22 23 25 27 28 29 30 ,-5.880475
270,30,30,1 2 3 4 5 6 7 8 9 10 11 12 13 14 15 16 17 18 19 20 21 22 23 24 25 26 27 28 29 30 ,-6.066001
271,2,30,2 10 ,2.825000
272,29,30,1 2 3 4 5 7 8 9 10 11 12 13 14 15 16 17 18 19 20 21 22 23 24 25 26 27 28 29 30 ,-5.392071
273,19,30,1 2 4 5 6 7 9 11 15 17 18 21 22 23 25 26 27 29 30 ,-10.108420
274,14,30,8 10 12 15 18 19 20 22 23 26 27 28 29 30 ,0.180714
275,17,30,1 3 4 5 7 8 12 13 14 17 21 22 23 24 26 27 30 ,-3.869410
276,12,30,1 2 6 7 8 16 24 25 26 28 29 30 ,-4.980000
277,10,30,2 5 6 8 11 12 13 14 24 30 ,-1.939000
278,8,30,2 4 7 8 25 26 28 29 ,-10.825001
279,4,30,2 3 13 16 ,-2.995000
280,24,30,2 3 4 5 6 7 8 9 11 12 14 15 16 17 18 20 21 22 23 24 27 28 29 30 ,-6.837081
281,29,30,1 2 3 4 5 6 7 8 9 11 12 13 14 15 16 17 18 19 20 21 22 23 24 25 26 27 28 29 30 ,-6.184484
282,21,30,1 2 4 5 6 7 8 12 13 14 15 16 17 18 20 21 22 26 27 28 30 ,-1.645715
283,13,30,1 2 4 6 9 10 16 19 20 24 25 28 29 ,-3.317693
284,25,30,1 2 3 4 5 6 7 8 9 10 12 13 14 16 17 18 19 21 23 24 25 27 28 29 30 ,-4.051598
285,9,30,2 3 6 10 12 13 14 27 30 ,0.252222
286,7,30,2 6 7 11 20 21 29 ,0.000000
287,19,30,2 3 4 5 6 7 8 9 10 11 16 18 22 23 24 25 27 28 30 ,-6.344736
288,23,30,1 2 3 6 8 10 11 13 14 15 16 17 18 19 20 21 22 24 25 26 27 29 30 ,-0.367826
289,24,30,1 2 3 4 6 7 8 9 10 11 13 14 17 18 19 20 21 22 23 25 26 27 29 30 ,-7.429581
290,3,30,5 10 30 ,-2.380000
291,17,30,2 4 9 11 14 15 16 17 18 19 21 22 25 26 27 28 29 ,-2.148236
292,24,30,1 2 3 4 5 6 7 8 10 12 13 14 16 17 18 19 20 21 23 25 27 28 29 30 ,-3.081665
293,19,30,1 2 3 4 5 7 8 11 12 15 16 19 20 22 23 24 26 27 29 ,-4.201580
294,25,30,1 2 3 4 5 6 7 9 10 11 12 13 14 15 16 17 18 21 22 23 24 25 27 29 30 ,-9.672799
295,18,30,1 3 4 8 9 10 13 15 16 18 19 20 22 23 25 27 28 30 ,1.943334
296,21,30,1 4 5 7 8 9 10 11 14 16 18 19 21 22 23 25 26 27 28 29 30 ,-9.274282
297,11,30,1 3 5 7 9 10 13 14 15 18 20 ,-6.830001
298,9,30,1 3 11 19 24 25 26 28 29 ,-2.742222
299,10,30,2 3 5 11 15 16 24 25 27 30 ,-0.773000
300,18,30,3 4 5 8 9 10 11 14 16 17 19 20 21 22 23 25 28 29 ,-0.479999
301,13,30,1 6 11 12 14 16 18 19 20 25 26 29 30 ,-3.166154
302,19,30,1 2 3 5 6 7 9 10 12 14 16 20 21 23 25 26 27 29 30 ,-7.254210
303,10,30,3 6 7 8 14 18 23 27 29 30 ,-2.823000
304,5,30,4 14 22 24 30 ,-5.096000
305,25,30,1 2 3 4 5 7 9 10 12 13 14 15 17 18 19 20 21 23 24 25 26 27 28 29 30 ,-5.061201
306,27,30,1 2 3 4 5 6 7 8 9 10 11 12 13 14 16 17 18 19 20 21 22 23 24 26 27 28 30 ,-4.110738
307,19,30,1 2 6 9 11 12 13 14 15 17 18 20 22 23 24 25 26 28 30 ,-6.140524
308,24,30,1 2 3 4 5 6 7 8 10 11 13 14 15 16 17 19 20 22 23 24 25 26 27 30 ,-0.933749
309,25,30,1 2 3 4 5 6 8 9 10 11 12 13 14 15 16 17 18 19 21 22 24 25 26 27 30 ,-2.912798
310,17,30,2 3 5 6 7 9 11 15 17 18 20 21 22 23 24 25 29 ,-6.983530
311,28,30,2 3 4 5 6 7 8 9 10 11 12 13 15 16 17 18 19 20 21 22 23 24 25 26 27 28 29 30 ,-3.994640
312,13,30,1 6 7 11 14 15 18 20 21 24 26 27 30 ,-1.124616
313,8,30,1 2 3 6 16 17 23 25 ,-5.558750
314,30,30,1 2 3 4 5 6 7 8 9 10 11 12 13 14 15 16 17 18 19 20 21 22 23 24 25 26 27 28 29 30 ,-6.066001
315,4,30,5 8 22 27 ,6.747500
316,22,30,1 2 3 6 7 10 11 12 13 14 15 16 18 19 20 21 23 24 25 26 28 30 ,-3.610454
317,13,30,1 3 4 5 6 8 15 16 20 21 22 27 28 ,-0.918462
318,4,30,1 2 13 27 ,0.927500
319,26,30,2 3 4 5 6 7 8 9 10 11 12 13 14 15 18 19 20 21 22 23 24 25 26 27 28 30 ,-4.711538
320,2,30,4 10 ,-3.945000
321,6,30,7 8 17 21 24 30 ,-0.936666
322,9,30,8 9 10 13 18 19 20 27 30 ,1.303333
323,2,30,5 27 ,3.380000
324,30,30,1 2 3 4 5 6 7 8 9 10 11 12 13 14 15 16 17 18 19 20 21 22 23 24 25 26 27 28 29 30 ,-6.066001
325,19,30,1 2 3 5 7 9 10 11 12 14 15 16 19 21 22 24 25 27 29 ,-2.710000
326,25,30,1 2 3 4 6 7 8 9 11 13 14 15 16 17 18 19 20 21 22 23 24 26 27 28 30 ,-3.419998
327,24,30,1 3 4 6 7 8 9 10 11 13 14 15 18 19 20 21 23 24 25 26 27 28 29 30 ,-5.051251
328,27,30,1 3 4 5 6 7 8 9 10 11 12 13 14 15 16 17 18 19 20 21 22 24 25 26 28 29 30 ,-6.712962
329,8,30,4 5 8 9 10 20 22 26 ,-3.207500
330,23,30,1 2 3 4 5 6 7 8 10 12 13 15 16 17 19 23 24 25 26 27 28 29 30 ,1.108697
331,15,30,3 4 8 9 10 11 14 16 19 20 22 24 25 28 30 ,2.396667
332,6,30,2 8 10 16 20 21 ,2.611667
333,16,30,1 4 7 9 10 12 13 15 16 18 20 23 25 26 28 29 ,-4.038750
334,3,30,6 9 22 ,-4.006667
335,26,30,1 3 4 5 6 7 8 9 10 12 13 14 15 16 17 18 19 20 21 22 23 24 27 28 29 30 ,-5.114231
336,11,30,6 9 13 14 16 18 22 24 27 29 30 ,-4.282727
337,15,30,1 3 10 14 15 16 17 19 20 21 25 26 27 28 29 ,1.918001
338,24,30,2 3 5 7 8 9 11 12 13 14 15 16 17 18 19 20 21 22 23 24 25 27 28 29 ,-1.094166
339,26,30,1 2 3 4 6 7 8 9 10 11 12 13 14 16 17 18 19 20 22 23 24 25 26 28 29 30 ,-6.059616
340,25,30,1 2 3 4 5 6 7 8 10 11 12 13 14 15 17 18 19 20 21 22 23 24 27 28 29 ,-5.065600
341,22,30,1 4 5 6 8 10 11 12 13 14 15 17 18 20 21 22 23 24 25 26 27 30 ,-1.454545
342,8,30,3 4 5 7 13 16 25 29 ,-4.526250
343,8,30,4 5 7 8 17 23 25 30 ,5.006250
344,29,30,1 2 3 4 5 6 7 8 9 10 11 12 13 14 16 17 18 19 20 21 22 23 24 25 26 27 28 29 30 ,-6.154480
345,6,30,3 14 20 21 25 26 ,1.258333
346,16,30,2 5 8 11 14 16 17 20 21 22 23 24 25 27 28 29 ,3.710001
347,20,30,1 2 4 5 6 9 10 13 14 15 16 17 19 20 24 25 26 27 28 30 ,0.046499
348,3,30,2 19 21 ,1.040000
349,8,30,1 6 13 14 16 18 25 28 ,-1.002500
350,30,30,1 2 3 4 5 6 7 8 9 10 11 12 13 14 15 16 17 18 19 20 21 22 23 24 25 26 27 28 29 30 ,-6.066001
351,29,30,1 2 3 4 5 6 7 8 9 10 11 12 13 14 15 16 17 18 19 20 21 23 24 25 26 27 28 29 30 ,-4.684138
352,18,30,3 4 5 6 8 9 10 11 13 16 18 19 20 21 27 28 29 30 ,-2.879444
353,26,30,1 2 3 4 5 6 8 9 10 11 12 13 15 17 18 19 20 22 23 24 25 26 27 28 29 30 ,-5.715384
354,26,30,1 2 3 4 5 6 7 8 9 10 11 12 13 14 17 18 19 22 23 24 25 26 27 28 29 30 ,-8.137690
355,26,30,2 4 5 6 7 8 9 10 11 12 14 15 16 17 18 19 20 21 22 23 24 25 26 28 29 30 ,-6.288844
356,5,30,3 5 6 8 25 ,-0.272000
357,13,30,1 6 12 14 18 19 20 21 23 24 25 26 29 ,-1.476923
358,29,30,1 2 3 4 5 6 7 8 9 10 11 12 13 14 16 17 18 19 20 21 22 23 24 25 26 27 28 29 30 ,-6.154480
359,28,30,1 2 3 4 5 6 7 8 9 10 11 12 13 14 15 16 17 18 19 20 21 22 24 25 26 27 28 29 ,-3.925716
360,12,30,2 4 5 6 7 8 9 11 23 28 29 30 ,-12.230832
361,4,30,22 26 29 30 ,-4.890000
362,4,30,2 6 21 24 ,5.567500
363,16,30,4 5 6 8 9 10 11 12 14 15 16 18 20 26 28 30 ,-6.738750
364,21,30,4 6 7 8 9 10 14 15 16 17 18 19 20 21 23 24 25 26 28 29 30 ,-2.709047
365,24,30,1 2 4 5 6 8 9 10 11 12 13 14 15 16 18 19 20 21 23 24 25 28 29 30 ,-6.767082
366,6,30,2 3 10 18 23 29 ,-4.021667
367,2,30,9 21 ,-2.075000
368,16,30,2 3 4 7 10 11 12 13 15 16 20 22 24 26 27 28 ,0.095626
369,26,30,1 2 3 4 5 6 7 8 10 11 12 13 14 15 16 17 18 19 20 21 22 23 24 27 29 30 ,-5.238846
370,15,30,1 5 6 7 8 11 13 14 16 18 22 23 24 25 30 ,-4.958667
371,20,30,2 5 6 8 9 10 11 13 14 15 17 18 19 21 22 23 24 25 28 30 ,-3.314499
372,22,30,2 3 4 5 8 9 10 13 14 15 16 17 18 19 20 22 23 24 25 27 28 30 ,1.792727
373,5,30,1 5 8 19 27 ,2.906000
374,8,30,2 4 8 13 18 19 22 24 ,-3.261250
375,20,30,1 2 3 5 6 7 8 9 13 14 15 16 17 18 19 23 25 26 29 30 ,-6.503498
376,3,30,8 10 13 ,2.743333
377,25,30,1 2 3 4 6 7 8 9 10 11 13 15 16 17 18 19 20 21 23 24 25 26 28 29 30 ,-5.662000
378,3,30,1 5 21 ,-6.173334
379,22,30,3 4 6 7 8 9 10 12 14 15 17 18 19 20 21 22 23 24 26 27 28 30 ,-0.971818
380,6,30,6 9 17 26 27 29 ,-3.435000
381,6,30,4 6 9 15 16 23 ,-6.105000
382,26,30,1 2 3 4 5 6 7 8 9 10 12 13 14 15 17 18 19 20 21 22 23 24 26 27 28 29 ,-5.255386
383,26,30,1 2 3 4 5 6 7 8 9 10 13 14 15 16 17 19 20 21 22 23 24 26 27 28 29 30 ,-5.381924
384,9,30,1 4 11 16 17 18 21 25 30 ,-3.993333
385,24,30,1 3 4 5 6 7 9 10 11 12 13 14 15 16 17 18 19 21 23 24 25 26 27 28 ,-3.029582
386,12,30,1 3 4 8 12 14 15 19 20 24 26 29 ,-0.185000
387,5,30,6 9 18 29 30 ,-1.802000
388,7,30,16 19 21 23 25 29 30 ,3.738572
389,7,30,4 10 14 15 24 28 30 ,0.810000
390,15,30,1 2 5 8 11 12 13 15 17 21 22 24 26 27 29 ,1.406000
391,23,30,1 2 3 4 6 9 11 12 15 16 17 18 19 20 21 22 23 24 25 26 27 28 29 ,-5.190437
392,24,30,1 2 4 5 6 9 10 11 12 14 15 16 17 18 20 21 22 23 24 26 27 28 29 30 ,-8.050000
393,26,30,1 2 3 4 5 6 7 8 10 11 12 13 15 16 19 20 21 22 23 24 25 26 27 28 29 30 ,-4.673463
394,27,30,1 3 4 5 6 8 9 10 11 12 13 14 15 16 17 18 19 20 21 22 23 25 26 27 28 29 30 ,-4.702590
395,20,30,1 2 4 5 7 8 12 13 15 17 18 19 21 22 24 25 26 27 28 29 ,-2.413498
396,20,30,1 3 6 7 8 9 10 11 13 14 15 18 20 22 23 25 26 27 29 30 ,-8.004499
397,17,30,3 4 6 10 11 12 15 17 18 20 22 23 24 25 26 27 30 ,-4.582353
398,29,30,1 2 3 4 5 6 7 8 9 10 11 12 13 14 15 16 17 18 19 21 22 23 24 25 26 27 28 29 30 ,-6.528620
399,6,30,4 8 12 15 22 26 ,-2.796666
400,20,30,1 2 3 7 8 9 10 11 13 15 16 17 18 20 21 22 24 27 28 30 ,-2.248001
401,10,30,2 3 5 7 12 20 21 22 29 30 ,-9.321999
402,7,30,1 4 6 7 16 22 25 ,-2.438571
403,12,30,5 6 10 12 13 15 16 18 19 20 27 29 ,-0.960000
404,22,30,1 3 4 5 6 7 8 10 11 14 15 17 18 19 20 21 22 23 24 27 28 29 ,-5.574092
405,20,30,1 7 8 9 11 13 14 15 16 17 18 19 20 21 23 25 26 27 29 30 ,-0.713499
406,10,30,1 6 8 13 14 19 21 23 28 30 ,-0.228000
407,11,30,2 5 7 10 12 15 18 20 21 23 24 ,1.229091
408,27,30,2 3 4 5 6 7 8 9 10 11 12 13 14 15 16 17 18 19 20 21 22 23 24 25 26 27 28 ,-0.573701
409,9,30,3 5 6 9 12 20 21 22 24 ,-3.245556
410,11,30,1 4 9 10 19 21 22 26 28 29 30 ,-9.105456
411,5,30,4 5 7 14 30 ,-8.038000
412,2,30,7 11 ,-1.045000
413,9,30,1 4 5 7 13 17 20 22 23 ,-3.013333
414,30,30,1 2 3 4 5 6 7 8 9 10 11 12 13 14 15 16 17 18 19 20 21 22 23 24 25 26 27 28 29 30 ,-6.066001
415,22,30,1 2 4 5 6 7 8 10 11 12 13 15 18 21 22 23 24 25 26 27 29 30 ,-5.479092
416,30,30,1 2 3 4 5 6 7 8 9 10 11 12 13 14 15 16 17 18 19 20 21 22 23 24 25 26 27 28 29 30 ,-6.066001
417,15,30,5 6 9 12 14 15 18 20 21 22 24 25 28 29 30 ,-6.736668
418,18,30,1 3 5 8 9 10 12 13 14 17 20 21 22 23 25 26 27 30 ,1.758890
419,15,30,1 2 4 5 9 10 12 13 16 17 18 21 22 24 30 ,-6.578666
420,3,30,5 8 29 ,-2.490000
421,28,30,1 2 3 4 5 6 7 8 9 10 12 13 14 15 16 17 18 19 20 21 23 24 25 26 27 28 29 30 ,-3.114641
422,4,30,1 19 24 29 ,-1.100000
423,30,30,1 2 3 4 5 6 7 8 9 10 11 12 13 14 15 16 17 18 19 20 21 22 23 24 25 26 27 28 29 30 ,-6.066001
424,25,30,1 2 4 5 6 7 8 9 10 11 12 13 14 15 16 19 20 22 23 24 25 26 28 29 30 ,-7.740803
425,3,30,10 21 23 ,-0.216667
426,7,30,10 14 15 16 21 25 26 ,-0.487143
427,5,30,3 6 17 18 20 ,0.246000
428,8,30,3 8 15 19 21 23 25 29 ,0.965000
429,22,30,1 2 4 5 6 7 8 10 11 12 14 15 17 19 20 22 23 24 26 27 28 29 ,-3.196364
430,23,30,1 3 4 5 7 8 10 11 13 14 15 18 19 20 22 23 24 25 26 27 28 29 30 ,-6.473478
431,7,30,2 6 10 14 16 25 30 ,-5.561428
432,7,30,2 6 9 12 14 18 21 ,-1.830000
433,4,30,5 9 10 11 ,-7.705000
434,11,30,5 9 10 12 16 17 19 21 24 28 30 ,0.199091
435,28,30,1 2 3 4 6 7 8 9 10 11 12 13 14 15 16 17 18 19 20 21 22 23 24 26 27 28 29 30 ,-5.314998
436,9,30,1 7 20 21 22 24 26 28 29 ,-6.735557
437,23,30,1 2 3 4 6 7 8 9 10 11 14 15 17 18 19 20 21 22 23 24 25 26 28 ,-5.241303
438,9,30,4 5 7 14 15 18 23 24 26 ,-1.714444
439,30,30,1 2 3 4 5 6 7 8 9 10 11 12 13 14 15 16 17 18 19 20 21 22 23 24 25 26 27 28 29 30 ,-6.066001
440,20,30,1 6 7 8 9 11 12 13 14 17 18 19 20 21 22 23 25 27 29 30 ,-3.944001
441,13,30,1 2 5 6 7 8 10 12 17 18 23 26 30 ,-1.766923
442,12,30,1 2 8 14 15 16 17 20 21 26 27 28 ,5.315834
443,14,30,1 4 10 11 19 21 22 23 24 25 26 28 29 30 ,-8.760714
444,19,30,1 2 5 6 9 10 14 15 16 17 18 19 21 24 25 26 27 29 30 ,-2.153685
445,10,30,7 8 12 14 15 18 20 26 27 28 ,0.502000
446,8,30,8 14 15 19 24 25 27 30 ,9.321250
447,16,30,1 4 7 8 10 11 12 14 18 20 21 22 26 27 28 30 ,-7.808746
448,13,30,2 4 5 6 7 8 9 10 11 20 22 23 26 ,-8.674613
449,18,30,1 2 4 7 8 10 12 13 15 16 17 18 20 21 22 23 24 28 ,1.996111
450,19,30,2 3 4 5 7 8 10 13 15 16 17 19 22 23 24 26 27 29 30 ,0.953686
451,2,30,6 11 ,2.295000
452,22,30,1 2 3 4 5 6 10 11 12 13 15 17 19 20 21 24 25 26 27 28 29 30 ,-2.626819
453,21,30,1 2 4 6 7 9 10 11 12 13 14 15 16 19 21 22 23 25 26 27 28 ,-6.021429
454,15,30,1 2 3 4 7 9 10 12 14 17 19 24 28 29 30 ,-5.534667
455,26,30,1 2 4 5 7 8 9 10 11 12 13 14 15 17 19 20 21 22 23 24 25 26 27 28 29 30 ,-5.607308
456,19,30,2 3 4 5 6 10 11 12 13 18 19 23 24 25 26 27 28 29 30 ,-1.442632
457,13,30,1 3 4 6 7 10 11 13 14 15 22 25 26 ,-7.440000
458,10,30,3 4 12 14 15 20 22 23 25 29 ,-5.617000
459,2,30,23 24 ,-0.975000
460,19,30,1 2 3 5 7 8 12 13 15 18 20 21 22 24 25 26 27 29 30 ,-5.002104
461,27,30,1 2 3 4 5 6 7 9 10 11 12 13 14 15 16 17 18 19 20 21 22 23 24 25 26 27 30 ,-5.843704
462,20,30,2 3 4 5 6 7 8 9 10 11 13 19 21 22 23 24 25 26 27 29 ,-7.257497
463,22,30,1 2 3 4 9 10 11 12 13 14 15 17 18 19 20 21 23 24 26 27 29 30 ,-4.134089
464,27,30,1 2 3 4 5 6 7 8 9 10 11 12 13 14 16 17 18 19 20 21 23 25 26 27 28 29 30 ,-6.364441
465,22,30,1 3 4 6 8 9 10 11 12 13 14 16 18 19 22 23 24 26 27 28 29 30 ,-3.734091
466,19,30,1 2 4 7 10 11 13 16 17 18 20 21 22 23 24 26 27 29 30 ,-5.509998
467,9,30,3 8 11 12 17 20 21 22 30 ,-3.672222
468,19,30,2 4 6 9 10 11 12 14 15 16 18 19 20 21 23 24 26 28 29 ,-5.921053
469,15,30,2 3 4 8 9 10 11 12 14 15 17 18 24 27 29 ,-4.386001
470,5,30,3 5 9 17 26 ,-0.030000
471,8,30,2 3 5 8 20 22 27 29 ,1.733750
472,14,30,2 5 6 7 9 12 13 14 15 17 21 23 26 29 ,-6.803572
473,13,30,2 4 6 7 11 12 14 15 18 20 21 29 30 ,-8.226155
474,5,30,1 6 22 29 30 ,-4.278000
475,30,30,1 2 3 4 5 6 7 8 9 10 11 12 13 14 15 16 17 18 19 20 21 22 23 24 25 26 27 28 29 30 ,-6.066001
476,17,30,1 3 4 7 11 12 13 16 18 19 20 21 22 24 25 28 30 ,-3.289999
477,8,30,4 7 15 18 19 22 23 29 ,-2.168750
478,14,30,3 7 8 10 11 12 15 18 21 22 24 25 27 28 ,0.169286
479,5,30,11 17 21 23 29 ,0.838000
480,21,30,1 2 3 9 10 11 12 13 14 15 16 17 18 19 20 21 23 24 25 26 29 ,-1.003809
481,8,30,4 9 11 12 19 24 28 30 ,-3.940000
482,21,30,1 4 5 9 10 11 13 14 15 16 17 18 19 21 22 23 24 26 28 29 30 ,-9.662379
483,10,30,1 2 5 7 9 15 20 22 28 30 ,-7.804999
484,10,30,6 7 10 14 17 18 20 26 28 29 ,-9.390000
485,28,30,1 2 3 4 5 6 7 8 9 10 11 12 13 14 15 17 18 19 20 21 22 23 24 26 27 28 29 30 ,-8.068571
486,4,30,4 17 18 29 ,-2.192500
487,2,30,1 2 ,0.335000
488,29,30,2 3 4 5 6 7 8 9 10 11 12 13 14 15 16 17 18 19 20 21 22 23 24 25 26 27 28 29 30 ,-4.446550
489,2,30,3 23 ,-2.095000
490,13,30,5 7 8 9 12 14 15 18 21 24 25 26 28 ,-1.601539
491,14,30,1 4 8 13 16 17 19 20 21 23 24 26 28 30 ,4.950716
492,25,30,1 2 4 6 7 8 9 10 12 13 14 15 16 17 18 19 20 23 24 25 26 27 28 29 30 ,-1.119601
493,27,30,1 2 3 4 5 6 7 8 9 10 11 12 13 14 15 16 17 18 21 22 24 25 26 27 28 29 30 ,-7.754815
494,23,30,1 2 3 4 5 7 8 9 10 11 13 14 17 18 19 20 21 22 23 24 28 29 30 ,-10.867824
495,24,30,3 4 6 7 9 10 11 12 13 15 16 17 18 19 20 21 22 23 24 25 27 28 29 30 ,-2.513749
496,26,30,1 2 4 5 6 7 8 9 10 11 12 13 14 15 16 18 20 21 23 24 25 26 27 28 29 30 ,-6.277306
497,17,30,4 5 6 8 12 13 14 16 19 20 21 23 24 26 27 28 29 ,4.352352
498,23,30,2 3 4 5 7 8 9 12 13 14 15 16 17 19 20 21 22 23 24 26 28 29 30 ,-3.453043
499,10,30,2 6 11 14 16 17 18 26 27 28 ,-1.623999
500,14,30,4 5 7 8 9 12 13 14 15 17 22 26 27 28 ,-1.158572
501,24,30,1 2 3 4 6 7 9 10 11 12 13 14 15 16 17 18 19 20 22 23 24 26 27 28 ,-3.818335
502,5,30,2 11 14 17 27 ,-0.208000
503,16,30,2 4 6 8 9 14 15 17 21 23 24 25 26 27 28 29 ,-0.228749
504,2,30,16 28 ,4.695000
505,23,30,1 2 5 6 7 8 9 11 12 13 14 16 17 18 20 21 22 24 26 27 28 29 30 ,-5.170002
506,4,30,11 12 20 22 ,-2.387500
507,3,30,9 17 24 ,0.226666
508,11,30,2 4 6 7 11 13 16 20 22 24 28 ,-1.307273
509,21,30,2 3 4 5 6 7 9 12 14 15 16 17 19 20 21 23 24 26 27 29 30 ,-2.868571
