ITERAÇÃO,NR PONTOS SELECIONADOS,TOTAL PONTOS,LISTA DE PONTOS,RESULTADO
1,12,20,1 3 4 5 8 9 10 11 14 15 19 20 ,-3.055835
2,9,20,4 5 8 10 12 13 14 15 17 ,1.335555
3,18,20,1 2 3 5 6 7 8 9 10 11 12 13 14 16 17 18 19 20 ,-3.309445
4,10,20,2 3 4 9 10 11 14 18 19 20 ,-4.502001
5,9,20,2 6 9 10 11 15 16 17 18 ,3.211112
6,18,20,1 2 3 5 6 7 8 10 11 12 13 14 15 16 17 18 19 20 ,-1.651111
7,13,20,1 2 3 5 6 8 9 12 14 16 18 19 20 ,-5.686154
8,2,20,15 18 ,2.830000
9,14,20,1 4 5 6 7 8 9 11 12 14 15 18 19 20 ,1.983571
10,8,20,5 6 7 8 12 13 15 19 ,0.906250
11,16,20,1 3 4 5 7 10 11 12 13 14 15 16 17 18 19 20 ,-0.240000
12,7,20,1 6 9 16 17 18 20 ,-1.938571
13,14,20,1 2 3 4 6 9 11 13 14 15 16 17 19 20 ,-2.204286
14,9,20,5 8 9 13 14 15 16 17 19 ,6.124445
15,6,20,2 6 10 12 13 20 ,-1.983333
16,6,20,3 4 5 8 12 20 ,3.865000
17,6,20,2 4 11 12 13 20 ,1.635000
18,6,20,2 9 13 15 16 19 ,3.133334
19,17,20,1 2 3 4 6 7 8 9 10 12 13 14 15 17 18 19 20 ,-5.135293
20,8,20,3 4 6 7 9 11 17 20 ,-0.729999
21,13,20,1 2 3 7 8 9 10 12 14 16 18 19 20 ,-9.194614
22,2,20,15 20 ,2.380000
23,16,20,1 2 3 5 7 8 9 10 11 12 13 14 15 16 17 19 ,-0.342500
24,14,20,1 2 5 6 7 8 9 11 13 14 15 16 18 20 ,1.302858
25,13,20,1 2 3 6 7 8 9 11 13 14 15 16 17 ,0.027692
26,4,20,4 13 18 19 ,1.457500
27,18,20,1 2 3 4 5 6 8 9 10 11 12 13 14 16 17 18 19 20 ,-3.484445
28,2,20,17 18 ,-0.430000
29,17,20,1 2 3 4 6 7 8 9 10 11 12 13 14 17 18 19 20 ,-3.832353
30,2,20,8 11 ,2.085000
31,18,20,1 2 3 4 5 6 7 8 9 10 11 12 13 16 17 18 19 20 ,-3.294446
32,7,20,7 10 12 14 15 16 19 ,-2.340000
33,4,20,2 8 13 18 ,-2.372500
34,7,20,2 5 6 10 17 18 19 ,1.895715
35,5,20,4 5 7 19 20 ,1.442000
36,20,20,1 2 3 4 5 6 7 8 9 10 11 12 13 14 15 16 17 18 19 20 ,-2.375500
37,10,20,2 4 5 8 9 10 14 16 17 19 ,-2.737999
38,9,20,2 3 8 9 14 17 18 19 20 ,-7.970000
39,18,20,1 2 3 4 7 8 9 10 11 12 13 14 15 16 17 18 19 20 ,-3.641667
40,5,20,2 4 5 6 7 ,2.384000
41,7,20,3 8 9 14 15 17 20 ,-0.864286
42,20,20,1 2 3 4 5 6 7 8 9 10 11 12 13 14 15 16 17 18 19 20 ,-2.375500
43,15,20,1 2 3 4 5 6 9 10 12 15 16 17 18 19 20 ,-5.182667
44,15,20,2 3 4 5 6 8 9 10 11 12 13 14 17 18 19 ,-0.508667
45,20,20,1 2 3 4 5 6 7 8 9 10 11 12 13 14 15 16 17 18 19 20 ,-2.375500
46,4,20,4 7 8 16 ,1.825000
47,18,20,1 2 3 4 5 6 7 8 10 11 12 13 14 15 16 17 18 20 ,-1.002223
48,12,20,1 2 3 4 5 6 8 10 13 14 15 17 ,-2.445000
49,20,20,1 2 3 4 5 6 7 8 9 10 11 12 13 14 15 16 17 18 19 20 ,-2.375500
50,7,20,1 8 11 12 16 18 20 ,-2.235714
51,5,20,2 6 12 13 17 ,2.400000
52,18,20,1 2 3 4 5 6 8 9 10 11 12 13 14 16 17 18 19 20 ,-3.484445
53,15,20,1 2 3 4 5 6 7 9 11 14 16 17 18 19 20 ,-4.478664
54,14,20,1 3 4 5 7 8 10 12 15 16 17 18 19 20 ,-3.897144
55,12,20,2 3 4 8 9 10 13 14 15 17 18 20 ,-3.625000
56,14,20,2 3 5 7 8 10 11 12 13 14 16 17 18 20 ,-2.272857
57,14,20,1 3 4 5 7 8 9 10 12 15 16 18 19 20 ,-5.467857
58,17,20,1 2 3 4 5 6 7 8 11 12 13 15 16 17 18 19 20 ,1.160000
59,16,20,1 2 3 5 6 7 8 9 10 11 13 14 16 17 19 20 ,-5.551249
60,16,20,2 4 5 6 7 8 10 11 12 14 15 16 17 18 19 20 ,-0.894999
61,17,20,1 2 4 6 7 9 10 11 12 13 14 15 16 17 18 19 20 ,-1.743529
62,16,20,1 3 4 5 6 9 10 11 12 13 14 15 16 18 19 20 ,-2.580625
63,20,20,1 2 3 4 5 6 7 8 9 10 11 12 13 14 15 16 17 18 19 20 ,-2.375500
64,5,20,2 4 7 11 12 ,2.600000
65,14,20,1 2 7 8 11 12 13 14 15 16 17 18 19 20 ,-0.405714
66,17,20,1 3 4 5 6 7 8 10 12 13 14 15 16 17 18 19 20 ,-1.951176
67,11,20,1 2 4 7 8 10 11 12 15 17 20 ,0.430909
68,6,20,3 5 8 12 13 20 ,2.443334
69,3,20,13 15 17 ,7.446667
70,4,20,17 18 19 20 ,-6.882500
71,20,20,1 2 3 4 5 6 7 8 9 10 11 12 13 14 15 16 17 18 19 20 ,-2.375500
72,20,20,1 2 3 4 5 6 7 8 9 10 11 12 13 14 15 16 17 18 19 20 ,-2.375500
73,12,20,1 4 6 9 10 11 12 14 15 16 17 19 ,-2.023333
74,7,20,3 7 8 9 13 15 17 ,2.547143
75,13,20,1 3 5 6 8 10 11 14 16 17 18 19 20 ,-6.103078
76,7,20,1 5 6 8 12 19 20 ,-4.651428
77,14,20,2 4 5 6 7 8 9 10 13 15 17 18 19 20 ,-3.245715
78,6,20,2 10 11 15 19 20 ,-0.735000
79,5,20,3 11 12 13 15 ,-0.488000
80,8,20,1 7 8 11 12 15 16 19 ,-0.660000
81,2,20,4 6 ,3.240000
82,10,20,3 8 9 10 11 13 14 15 18 20 ,-1.968001
83,17,20,1 2 3 4 5 6 8 9 10 11 12 13 15 16 17 18 20 ,-1.654706
84,4,20,3 8 10 11 ,-5.465000
85,7,20,8 9 12 14 15 17 20 ,1.687143
86,7,20,1 2 3 5 10 13 20 ,0.372857
87,5,20,2 8 10 15 18 ,-5.664001
88,5,20,1 2 6 7 8 ,-7.968000
89,15,20,1 2 4 5 6 7 11 12 13 14 15 16 17 18 20 ,4.645334
90,19,20,2 3 4 5 6 7 8 9 10 11 12 13 14 15 16 17 18 19 20 ,-1.550000
91,2,20,4 13 ,2.045000
92,12,20,2 3 4 6 7 9 11 12 14 15 17 19 ,0.365000
93,3,20,16 17 18 ,-1.930000
94,17,20,1 2 3 4 5 6 7 10 11 12 13 15 16 17 18 19 20 ,0.887059
95,16,20,1 2 3 4 5 6 7 8 9 13 14 16 17 18 19 20 ,-6.394375
96,6,20,3 5 11 14 17 18 ,-2.910000
97,10,20,3 5 9 10 11 12 13 14 16 19 ,-1.498999
98,18,20,1 2 3 4 5 6 7 8 9 11 12 13 14 15 17 18 19 20 ,0.875000
99,14,20,2 3 6 7 8 9 10 11 12 13 14 18 19 20 ,-4.712858
100,9,20,1 2 4 8 11 12 13 14 16 ,-1.272222
101,9,20,2 4 6 7 8 9 11 13 19 ,-1.526666
102,8,20,1 5 6 8 10 11 13 14 ,-2.062500
103,15,20,1 2 3 4 5 6 8 9 10 11 12 15 16 18 20 ,-4.459333
104,16,20,1 2 3 4 5 6 7 8 10 12 13 14 15 16 17 20 ,-1.060000
105,8,20,2 4 6 8 9 12 16 20 ,-2.956250
106,11,20,1 4 5 6 7 8 11 14 15 19 20 ,0.847273
107,6,20,4 6 11 13 14 18 ,4.140000
108,8,20,1 5 8 12 13 14 15 18 ,5.133750
109,16,20,1 4 5 7 9 10 11 12 13 14 15 16 17 18 19 20 ,0.850000
110,5,20,4 12 14 15 20 ,3.796000
111,5,20,1 3 8 9 19 ,-2.220000
112,4,20,1 2 8 17 ,-5.660000
113,19,20,1 2 3 4 5 6 7 8 9 10 11 12 13 15 16 17 18 19 20 ,-2.207369
114,6,20,3 5 6 16 17 20 ,-0.436667
115,13,20,1 4 5 7 8 9 10 11 13 14 17 18 19 ,-0.003846
116,16,20,1 2 3 4 5 7 8 10 12 13 14 15 16 18 19 20 ,-2.997500
117,4,20,2 10 18 20 ,-4.502500
118,9,20,1 3 4 7 9 12 13 19 20 ,-4.224444
119,19,20,1 2 3 4 5 6 7 8 9 10 11 13 14 15 16 17 18 19 20 ,-3.458947
120,13,20,1 3 4 5 6 7 8 9 10 12 13 18 20 ,-4.536154
121,15,20,1 3 4 6 7 8 9 10 12 13 14 15 17 19 20 ,-3.105334
122,20,20,1 2 3 4 5 6 7 8 9 10 11 12 13 14 15 16 17 18 19 20 ,-2.375500
123,8,20,2 4 5 9 11 12 15 17 ,0.992500
124,6,20,3 8 12 13 18 19 ,0.943333
125,11,20,2 3 6 9 10 11 12 13 17 19 20 ,-1.700000
126,5,20,1 6 12 16 18 ,-2.586000
127,15,20,2 3 4 7 8 9 10 11 12 14 15 16 17 19 20 ,-3.638001
128,19,20,1 2 3 4 5 6 7 8 9 10 11 12 13 14 15 17 18 19 20 ,-1.481580
129,16,20,1 4 5 6 7 8 9 10 11 12 13 15 16 17 19 20 ,0.028750
130,16,20,1 2 3 6 8 9 10 11 12 14 15 16 17 18 19 20 ,-5.018126
131,3,20,6 9 15 ,-2.333333
132,18,20,1 2 3 4 5 6 7 8 9 10 11 12 13 14 16 18 19 20 ,-4.105555
133,6,20,1 5 6 7 8 20 ,-5.880000
134,15,20,1 5 6 7 8 9 10 11 12 13 14 16 18 19 20 ,-2.179333
135,16,20,1 3 4 5 6 7 8 10 11 12 13 14 15 16 18 19 ,-2.480000
136,14,20,1 2 3 5 6 9 11 12 13 15 16 17 18 20 ,4.805001
137,20,20,1 2 3 4 5 6 7 8 9 10 11 12 13 14 15 16 17 18 19 20 ,-2.375500
138,12,20,1 2 4 5 6 8 10 12 13 15 18 19 ,-1.654167
139,2,20,3 5 ,-1.405000
140,8,20,1 2 3 6 9 10 14 15 ,-5.950000
141,7,20,4 5 6 11 14 16 19 ,1.701429
142,6,20,3 8 10 12 13 14 ,-2.210000
143,7,20,1 8 10 13 14 15 19 ,2.228571
144,2,20,1 13 ,4.455000
145,6,20,9 12 13 15 17 20 ,1.858333
146,10,20,2 5 7 8 9 11 14 15 17 18 ,3.737001
147,9,20,1 2 8 9 11 13 14 15 17 ,5.115556
148,6,20,1 4 5 8 9 19 ,-5.711666
149,16,20,1 2 3 4 5 6 7 8 9 10 11 13 14 15 18 19 ,-2.856248
150,10,20,1 2 4 6 10 11 13 14 18 19 ,0.140000
151,2,20,5 14 ,2.125000
152,13,20,1 2 3 5 6 10 11 13 14 15 17 18 20 ,0.834615
153,19,20,1 2 3 4 5 6 7 8 9 10 11 13 14 15 16 17 18 19 20 ,-3.458947
154,8,20,1 3 4 7 11 15 17 19 ,1.445000
155,12,20,1 2 3 4 6 7 9 10 11 13 15 16 ,-4.640833
156,16,20,1 2 3 4 5 8 9 10 11 12 14 15 16 17 18 20 ,-4.508126
157,3,20,1 3 6 ,-4.430000
158,14,20,1 2 3 4 6 10 12 14 15 16 17 18 19 20 ,-5.983572
159,6,20,4 5 10 13 16 17 ,4.203333
160,3,20,6 12 14 ,5.570000
161,16,20,1 2 3 4 5 7 9 12 13 14 15 16 17 18 19 20 ,-0.396875
162,20,20,1 2 3 4 5 6 7 8 9 10 11 12 13 14 15 16 17 18 19 20 ,-2.375500
163,17,20,1 3 4 5 7 9 10 11 12 13 14 15 16 17 18 19 20 ,-0.661176
164,10,20,2 4 7 10 13 14 17 18 19 20 ,-6.596001
165,4,20,1 10 12 14 ,-2.242500
166,11,20,3 6 7 8 9 12 13 14 15 17 20 ,-1.985455
167,15,20,1 2 4 5 7 9 10 11 12 13 14 16 18 19 20 ,-3.602001
168,14,20,1 3 6 8 9 10 11 12 13 14 17 18 19 20 ,-1.341429
169,19,20,1 2 3 4 5 6 7 8 9 10 11 13 14 15 16 17 18 19 20 ,-3.458947
170,13,20,1 2 4 5 6 7 8 13 14 15 16 17 19 ,-0.138461
171,9,20,1 4 5 7 8 10 11 12 17 ,0.396667
172,16,20,2 3 4 5 6 8 9 10 11 12 14 15 16 17 18 19 ,-3.015001
173,9,20,2 4 7 9 12 13 18 19 20 ,-8.725555
174,13,20,1 3 5 6 7 8 9 10 12 13 17 19 20 ,-5.520770
175,4,20,2 10 14 16 ,-1.677500
176,8,20,1 3 5 9 10 12 13 14 ,-2.351250
177,18,20,2 3 4 5 6 7 8 9 11 12 13 14 15 16 17 18 19 20 ,0.438889
178,15,20,2 3 4 5 7 8 9 10 11 13 14 15 18 19 20 ,-1.739334
179,14,20,1 4 5 6 7 9 12 14 15 16 17 18 19 20 ,0.042857
180,3,20,10 15 18 ,-4.623333
181,15,20,1 2 3 4 5 6 7 8 9 12 13 14 17 18 20 ,-2.991334
182,20,20,1 2 3 4 5 6 7 8 9 10 11 12 13 14 15 16 17 18 19 20 ,-2.375500
183,12,20,2 3 4 7 10 12 13 14 16 17 19 20 ,-3.505000
184,16,20,1 2 3 4 5 6 8 11 12 13 14 15 16 18 19 20 ,-0.275625
185,11,20,1 2 3 6 9 10 12 13 14 16 17 ,-2.408182
186,12,20,1 3 5 6 8 9 11 12 13 14 17 19 ,1.541667
187,18,20,2 3 4 5 6 7 8 9 10 11 13 14 15 16 17 18 19 20 ,-2.412779
188,4,20,5 10 13 18 ,1.802500
189,8,20,3 5 6 9 13 14 19 20 ,-5.336249
190,2,20,17 20 ,-2.730000
191,11,20,1 2 4 5 7 9 13 14 16 18 19 ,-4.263636
192,2,20,9 19 ,-3.965000
193,19,20,1 2 3 4 6 7 8 9 10 11 12 13 14 15 16 17 18 19 20 ,-3.720526
194,13,20,1 2 3 4 5 7 8 9 12 15 16 18 19 ,-4.149230
195,16,20,2 3 4 5 7 8 10 11 12 13 14 16 17 18 19 20 ,-2.794375
196,4,20,4 6 9 10 ,-0.175000
197,11,20,1 3 7 8 10 11 13 15 17 19 20 ,0.897273
198,14,20,2 3 4 5 6 9 10 11 12 14 16 18 19 20 ,-1.792143
199,3,20,13 16 17 ,5.796667
200,18,20,1 2 3 4 5 6 7 8 9 10 11 13 14 15 16 17 19 20 ,-3.703332
201,12,20,1 2 3 4 8 9 10 14 15 17 19 20 ,-5.242499
202,5,20,1 3 7 10 13 ,-3.666000
203,8,20,4 5 8 9 13 15 16 20 ,4.320000
204,6,20,1 6 12 14 16 18 ,-1.978333
205,18,20,1 2 3 4 5 7 8 9 10 11 12 13 15 16 17 18 19 20 ,-1.627778
206,11,20,1 3 5 6 8 9 10 11 12 14 18 ,-1.753636
207,8,20,2 3 8 9 12 13 19 20 ,-3.586250
208,13,20,1 2 3 5 8 10 11 13 14 16 17 18 19 ,-3.355385
209,2,20,9 16 ,4.790000
210,4,20,1 4 13 14 ,-0.490000
211,6,20,2 3 10 13 17 18 ,-0.886667
212,9,20,1 3 7 8 10 12 13 17 18 ,-0.627778
213,20,20,1 2 3 4 5 6 7 8 9 10 11 12 13 14 15 16 17 18 19 20 ,-2.375500
214,3,20,4 12 20 ,2.140000
215,17,20,3 4 5 6 7 8 9 10 11 13 14 15 16 17 18 19 20 ,-1.909413
216,15,20,2 3 5 6 7 8 9 10 13 14 15 16 18 19 20 ,-4.422668
217,15,20,1 2 3 4 5 7 9 10 12 14 15 16 18 19 20 ,-4.839334
218,4,20,2 9 16 18 ,0.595000
219,11,20,1 2 3 5 9 10 12 13 14 15 17 ,0.044545
220,13,20,1 2 4 6 7 8 10 11 12 15 18 19 20 ,-3.313077
221,16,20,1 2 3 4 5 6 7 10 11 12 13 14 16 17 19 20 ,-0.429375
222,13,20,1 2 6 7 9 10 12 13 14 16 18 19 20 ,-8.120768
223,14,20,1 2 3 4 5 7 9 10 11 12 13 16 17 18 ,0.198571
224,18,20,1 3 4 5 6 7 8 9 10 11 12 13 14 15 16 17 18 19 ,-0.830556
225,3,20,4 8 20 ,4.103333
226,13,20,1 3 4 5 6 7 10 12 16 17 18 19 20 ,-2.117692
227,16,20,1 2 3 4 6 7 9 10 11 13 14 15 16 17 18 20 ,-2.555000
228,2,20,14 20 ,0.705000
229,15,20,2 3 4 6 8 9 10 11 12 13 14 16 17 18 19 ,-2.098667
230,19,20,1 2 3 4 5 6 8 9 10 11 12 13 14 15 16 17 18 19 20 ,-2.631580
231,8,20,1 2 6 12 13 15 16 20 ,-0.950000
232,15,20,1 2 3 4 5 6 7 8 9 11 12 13 14 17 19 ,-1.045334
233,6,20,2 4 6 7 15 20 ,1.946667
234,9,20,2 3 4 5 6 8 11 13 20 ,1.463334
235,15,20,1 2 4 5 6 7 8 9 10 11 14 15 17 18 19 ,-1.777334
236,19,20,1 2 3 4 6 7 8 9 10 11 12 13 14 15 16 17 18 19 20 ,-3.720526
237,10,20,1 2 3 6 10 11 15 16 17 19 ,-3.838000
238,8,20,2 3 6 9 12 14 18 19 ,0.333751
239,13,20,1 2 5 6 8 10 11 12 14 15 16 18 19 ,-3.765384
240,6,20,3 4 6 9 13 18 ,-1.864999
241,18,20,1 3 4 5 6 7 9 10 11 12 13 14 15 16 17 18 19 20 ,-0.851667
242,15,20,1 2 3 5 6 7 8 11 12 13 14 16 17 18 19 ,1.128000
243,2,20,16 19 ,-3.070000
244,11,20,1 4 5 6 7 8 11 12 13 16 19 ,1.648182
245,17,20,1 2 4 5 6 7 8 9 11 12 13 14 15 16 17 18 19 ,2.428235
246,11,20,1 5 8 9 10 11 12 13 14 17 20 ,-0.652727
247,9,20,4 5 6 7 8 14 16 17 20 ,1.288889
248,16,20,2 3 4 6 7 8 9 11 12 13 14 15 16 17 19 20 ,-0.965625
249,11,20,2 3 4 5 7 10 11 12 13 14 18 ,-0.671818
250,2,20,7 13 ,-4.130000
251,11,20,1 6 9 10 11 12 14 15 16 19 20 ,-3.678182
252,6,20,4 6 8 11 12 19 ,3.648334
253,5,20,1 2 12 13 14 ,-1.534000
254,20,20,1 2 3 4 5 6 7 8 9 10 11 12 13 14 15 16 17 18 19 20 ,-2.375500
255,17,20,1 2 3 4 6 7 8 9 11 12 13 14 15 17 18 19 20 ,0.182941
256,2,20,12 16 ,-2.030000
257,7,20,5 6 10 11 12 14 18 ,3.790001
258,13,20,1 4 5 6 7 8 10 11 12 16 18 19 20 ,-3.123077
259,19,20,2 3 4 5 6 7 8 9 10 11 12 13 14 15 16 17 18 19 20 ,-1.550000
260,15,20,1 2 3 4 6 7 9 10 11 12 13 15 17 19 20 ,-1.422667
261,2,20,10 19 ,1.130000
262,20,20,1 2 3 4 5 6 7 8 9 10 11 12 13 14 15 16 17 18 19 20 ,-2.375500
263,17,20,1 2 3 5 6 7 8 9 10 11 12 13 14 15 16 17 18 ,0.296471
264,17,20,1 2 3 4 5 6 7 8 9 13 14 15 16 17 18 19 20 ,-3.774117
265,14,20,2 3 5 6 7 8 11 12 13 14 16 17 19 20 ,-0.087857
266,2,20,1 15 ,2.020000
267,10,20,2 3 5 7 10 11 12 13 18 19 ,1.694001
268,6,20,7 8 9 10 13 16 ,1.643333
269,14,20,2 3 4 6 7 10 11 12 14 15 17 18 19 20 ,-0.446429
270,17,20,1 4 5 6 7 8 9 10 11 12 13 14 16 17 18 19 20 ,-1.017058
271,9,20,1 4 5 8 9 13 14 15 19 ,4.601111
272,19,20,1 2 3 4 5 6 7 8 9 11 12 13 14 15 16 17 18 19 20 ,-0.203685
273,12,20,1 2 4 6 8 9 10 11 12 15 16 17 ,-2.513333
274,19,20,1 2 3 4 5 6 7 8 9 10 12 13 14 15 16 17 18 19 20 ,-3.989472
275,7,20,1 3 7 8 12 14 19 ,-0.681428
276,11,20,4 5 6 7 8 13 14 16 18 19 20 ,-0.130000
277,6,20,4 7 8 10 17 19 ,-0.693334
278,15,20,1 4 5 6 7 8 9 10 12 13 14 15 16 19 20 ,-1.704000
279,15,20,3 5 6 7 8 9 12 13 14 15 16 17 18 19 20 ,-0.228666
280,11,20,1 2 3 5 7 8 9 11 13 14 18 ,0.324545
281,15,20,1 4 5 6 7 8 9 11 12 14 15 16 17 19 20 ,0.578666
282,8,20,7 12 14 16 17 18 19 20 ,-4.511250
283,6,20,1 7 9 10 13 20 ,-6.735000
284,4,20,3 6 8 14 ,-3.000000
285,11,20,1 7 8 9 11 13 14 15 16 17 19 ,5.456365
286,14,20,1 2 4 5 6 7 9 11 12 15 16 18 19 20 ,-0.660714
287,4,20,7 15 16 20 ,2.237500
288,8,20,2 3 4 6 7 10 14 15 ,-2.987500
289,11,20,1 2 3 6 10 11 12 13 16 17 20 ,1.345455
290,6,20,2 9 10 11 14 18 ,0.265000
291,9,20,3 5 7 8 9 11 13 16 18 ,3.587778
292,13,20,3 6 8 9 10 12 13 14 15 16 17 18 20 ,-3.873077
293,13,20,1 2 3 5 7 8 10 11 12 13 15 18 20 ,1.272308
294,3,20,7 10 17 ,2.393333
295,2,20,4 8 ,3.975000
296,6,20,5 8 9 11 14 20 ,0.003333
297,7,20,1 2 3 8 12 13 18 ,1.824286
298,17,20,1 3 4 5 7 8 9 10 11 12 13 14 15 17 18 19 20 ,0.134706
299,18,20,1 2 3 4 5 6 7 8 9 10 12 13 14 15 16 17 18 20 ,-2.710556
300,17,20,1 2 3 4 5 6 7 8 9 11 12 13 15 16 17 19 20 ,-0.282353
301,10,20,1 2 3 4 5 7 11 12 16 20 ,2.680000
302,9,20,1 3 4 5 8 10 11 14 16 ,-6.640000
303,7,20,7 9 10 11 12 15 18 ,1.851429
304,7,20,1 2 6 11 12 13 18 ,7.198572
305,5,20,4 6 7 8 15 ,-1.702000
306,10,20,6 7 8 10 12 13 14 17 18 19 ,-2.446000
307,19,20,1 2 3 4 5 6 7 8 9 10 11 13 14 15 16 17 18 19 20 ,-3.458947
308,18,20,1 3 4 5 6 7 8 9 10 11 13 14 15 16 17 18 19 20 ,-2.587778
309,19,20,1 2 3 4 5 6 7 8 9 10 11 12 13 14 15 16 18 19 20 ,-3.171052
310,18,20,1 2 3 4 5 6 8 9 10 12 13 14 15 16 17 18 19 20 ,-3.908889
311,12,20,2 5 6 7 9 10 11 12 15 18 19 20 ,1.474167
312,5,20,2 6 11 14 20 ,3.920000
313,19,20,1 3 4 5 6 7 8 9 10 11 12 13 14 15 16 17 18 19 20 ,-1.563158
314,12,20,2 3 8 9 10 11 12 13 15 16 18 20 ,-2.426667
315,15,20,1 2 3 4 6 7 10 11 12 14 15 16 17 18 19 ,-4.078667
316,16,20,1 2 4 5 6 8 10 11 12 13 14 15 16 18 19 20 ,-1.712500
317,16,20,2 3 4 6 8 9 10 11 12 13 14 15 16 18 19 20 ,-3.306251
318,19,20,1 2 3 4 5 6 7 8 9 10 11 12 13 15 16 17 18 19 20 ,-2.207369
319,11,20,1 2 4 6 7 10 11 14 16 18 20 ,-2.885454
320,3,20,2 3 19 ,0.200000
321,5,20,1 8 13 15 19 ,6.212000
322,5,20,3 11 16 18 19 ,-4.481999
323,10,20,6 7 9 10 11 12 14 15 18 20 ,2.350000
324,2,20,10 16 ,0.130000
325,4,20,3 8 14 20 ,0.890000
326,11,20,2 3 5 6 7 11 12 14 16 18 20 ,4.243638
327,4,20,4 6 11 15 ,-0.435000
328,8,20,1 4 7 8 10 14 16 20 ,-1.570000
329,12,20,2 3 4 5 8 9 12 13 14 15 16 19 ,2.539167
330,17,20,1 2 4 5 6 8 9 10 11 12 13 14 15 16 17 18 19 ,-0.301765
331,19,20,1 2 3 4 5 6 7 8 9 10 11 12 13 14 16 17 18 19 20 ,-3.557368
332,5,20,6 9 10 12 19 ,-2.604000
333,19,20,1 2 3 4 5 7 8 9 10 11 12 13 14 15 16 17 18 19 20 ,-2.191579
334,13,20,1 2 3 4 6 9 10 11 12 13 15 16 18 ,-2.886154
335,4,20,2 7 10 19 ,-3.975000
336,15,20,1 2 3 5 6 7 8 9 10 12 15 16 17 18 20 ,-3.211333
337,8,20,2 3 4 8 9 11 14 18 ,-0.435000
338,13,20,2 3 4 5 8 9 10 11 14 15 16 17 18 ,-4.991539
339,2,20,11 17 ,1.895000
340,9,20,3 4 6 9 11 12 14 15 20 ,0.740000
341,10,20,1 3 4 6 7 9 13 16 19 20 ,-8.802999
342,6,20,2 6 8 9 19 20 ,-10.773334
343,7,20,2 3 6 12 14 17 19 ,1.715714
344,11,20,3 4 5 8 9 10 14 16 17 18 20 ,-4.353636
345,20,20,1 2 3 4 5 6 7 8 9 10 11 12 13 14 15 16 17 18 19 20 ,-2.375500
346,9,20,3 6 7 10 12 14 15 17 20 ,-0.614444
347,16,20,1 2 4 5 6 7 8 10 11 12 13 14 15 17 18 20 ,1.445625
348,12,20,2 3 5 8 10 11 13 14 16 18 19 20 ,-3.554999
349,18,20,1 3 4 5 6 7 8 9 10 11 12 13 14 15 16 17 18 20 ,-0.762222
350,18,20,1 2 3 4 5 6 7 8 9 10 11 12 13 14 16 17 18 20 ,-2.267222
351,10,20,2 8 9 10 11 12 13 14 17 20 ,-3.149000
352,9,20,1 2 4 7 8 11 14 15 18 ,-0.176667
353,14,20,1 2 5 6 7 8 9 10 12 14 15 16 17 18 ,-0.659999
354,12,20,3 5 7 8 10 11 12 13 15 16 17 20 ,0.357500
355,12,20,1 2 4 6 7 8 10 12 13 16 18 20 ,-6.569167
356,20,20,1 2 3 4 5 6 7 8 9 10 11 12 13 14 15 16 17 18 19 20 ,-2.375500
357,9,20,2 5 6 8 10 11 12 14 16 ,0.564444
358,5,20,3 6 7 11 16 ,-3.170000
359,5,20,4 10 12 14 17 ,-2.150000
360,2,20,1 6 ,-4.080000
361,8,20,1 3 4 6 8 9 14 15 ,-3.587500
362,4,20,13 15 17 19 ,8.767500
363,10,20,1 2 6 9 12 14 16 17 19 20 ,-5.886000
364,12,20,2 4 5 6 7 8 11 13 16 17 19 20 ,0.621667
365,16,20,1 3 4 6 7 9 10 11 12 13 14 16 17 18 19 20 ,-3.263125
366,6,20,1 2 6 11 17 19 ,2.871667
367,19,20,1 2 3 4 5 6 7 8 9 10 11 12 13 14 15 17 18 19 20 ,-1.481580
368,10,20,3 5 6 7 10 11 12 14 18 19 ,1.088001
369,10,20,2 3 4 6 8 11 12 13 18 19 ,2.164000
370,2,20,9 20 ,-4.895000
371,18,20,1 2 3 4 5 6 7 8 9 11 12 13 14 15 16 17 18 20 ,1.202222
372,20,20,1 2 3 4 5 6 7 8 9 10 11 12 13 14 15 16 17 18 19 20 ,-2.375500
373,18,20,1 2 3 4 5 6 7 8 10 12 13 14 15 16 17 18 19 20 ,-2.907778
374,15,20,3 4 5 7 9 10 11 12 13 14 15 16 17 18 20 ,-0.182000
375,16,20,1 2 3 5 6 7 8 9 10 11 13 14 15 16 17 20 ,-3.092501
376,6,20,2 7 8 16 17 18 ,-4.208333
377,10,20,5 8 9 10 11 13 14 15 17 20 ,-0.886000
378,14,20,1 2 3 5 6 8 9 12 13 14 15 16 17 20 ,-0.865000
379,12,20,1 2 5 6 8 9 10 11 12 14 18 20 ,-1.049166
380,4,20,7 8 10 19 ,-3.630000
381,3,20,5 10 18 ,0.333333
382,4,20,2 3 15 17 ,2.202500
383,8,20,3 10 12 13 14 17 18 19 ,-2.227500
384,20,20,1 2 3 4 5 6 7 8 9 10 11 12 13 14 15 16 17 18 19 20 ,-2.375500
385,16,20,1 2 3 4 5 6 7 9 10 11 12 13 15 16 18 19 ,-1.932500
386,7,20,4 7 10 11 17 18 20 ,0.042857
387,18,20,1 2 3 4 5 6 7 9 10 11 12 13 14 15 17 18 19 20 ,-0.152223
388,3,20,6 11 13 ,1.453333
389,3,20,14 16 20 ,-2.413333
390,9,20,3 4 5 7 11 12 14 15 17 ,1.085555
391,11,20,1 2 3 5 7 8 9 11 13 15 18 ,4.690001
392,2,20,11 18 ,4.295000
393,6,20,1 2 7 8 13 17 ,-1.113334
394,3,20,4 16 17 ,-2.063333
395,6,20,6 8 14 15 16 17 ,-2.373333
396,17,20,1 2 3 4 5 6 7 8 10 11 12 13 14 15 16 17 20 ,-0.607648
397,13,20,3 4 5 6 7 10 11 14 15 16 17 18 19 ,-2.291539
398,20,20,1 2 3 4 5 6 7 8 9 10 11 12 13 14 15 16 17 18 19 20 ,-2.375500
399,19,20,1 2 3 4 5 6 7 8 9 10 11 12 13 14 15 16 17 19 20 ,-2.321053
400,2,20,1 6 ,-4.080000
401,17,20,1 2 4 5 6 7 8 10 11 12 13 14 15 16 17 19 20 ,0.080000
402,4,20,6 9 10 15 ,-3.445000
403,10,20,1 4 6 9 11 12 13 14 15 16 ,0.284000
404,19,20,1 2 3 4 5 6 7 8 10 11 12 13 14 15 16 17 18 19 20 ,-1.755790
405,12,20,1 3 4 6 7 8 10 12 13 16 17 19 ,-1.955000
406,10,20,1 3 6 8 9 13 14 15 16 17 ,-0.131999
407,11,20,1 3 6 8 10 11 12 13 16 17 18 ,-0.847273
408,12,20,2 3 4 5 6 9 10 13 14 15 17 18 ,-0.263334
409,4,20,2 5 15 19 ,4.082500
410,14,20,1 2 3 4 6 7 8 11 12 13 14 15 18 20 ,1.392857
411,16,20,1 3 4 6 7 8 10 11 12 13 15 16 17 18 19 20 ,-2.529375
412,12,20,1 3 5 8 10 12 13 14 15 16 19 20 ,-0.710000
413,7,20,1 4 11 17 18 19 20 ,-0.250000
414,11,20,1 2 3 6 7 10 11 13 15 19 20 ,-2.698182
415,10,20,2 3 4 5 7 8 11 12 15 20 ,3.391000
416,16,20,1 2 4 6 8 9 10 11 12 13 14 15 16 18 19 20 ,-3.267500
417,11,20,1 2 3 5 9 10 12 13 17 18 20 ,-1.397272
418,3,20,2 3 20 ,3.513333
419,2,20,6 9 ,-3.975000
420,12,20,1 2 3 4 5 10 11 14 16 18 19 20 ,-6.363335
421,20,20,1 2 3 4 5 6 7 8 9 10 11 12 13 14 15 16 17 18 19 20 ,-2.375500
422,15,20,2 3 4 7 8 9 11 12 13 14 15 16 17 19 20 ,-0.334667
423,7,20,1 3 9 11 12 16 18 ,2.835714
424,20,20,1 2 3 4 5 6 7 8 9 10 11 12 13 14 15 16 17 18 19 20 ,-2.375500
425,3,20,4 11 18 ,-0.430000
426,3,20,13 14 15 ,2.390000
427,17,20,1 2 3 4 5 6 7 10 11 12 13 14 15 16 17 18 20 ,0.775882
428,4,20,1 3 6 14 ,-4.582500
429,3,20,8 15 17 ,-1.320000
430,19,20,1 2 3 4 5 6 7 8 9 10 11 13 14 15 16 17 18 19 20 ,-3.458947
431,7,20,2 3 6 9 12 14 16 ,0.341429
432,7,20,5 6 8 11 14 15 16 ,-3.180000
433,5,20,1 2 11 19 20 ,-1.152000
434,17,20,1 2 3 4 5 6 9 10 11 12 13 14 15 16 17 18 19 ,-0.962353
435,10,20,2 4 9 10 12 13 14 15 17 18 ,-2.033000
436,11,20,1 3 4 5 7 9 10 13 17 19 20 ,-4.341818
437,11,20,1 2 4 8 9 11 12 13 14 19 20 ,-0.223636
438,9,20,1 5 6 7 10 12 13 14 16 ,0.341111
439,17,20,1 2 3 5 6 7 8 9 10 11 12 13 14 17 18 19 20 ,-3.015294
440,10,20,3 4 6 10 11 14 15 16 17 18 ,-7.186001
441,16,20,1 2 4 5 7 8 9 10 11 12 14 15 17 18 19 20 ,-2.118125
442,2,20,2 3 ,3.590000
443,7,20,1 2 3 9 13 15 16 ,2.471428
444,18,20,1 2 3 4 5 6 7 8 9 11 13 14 15 16 17 18 19 20 ,-1.646666
445,4,20,5 10 11 16 ,-3.785000
446,10,20,2 3 4 9 11 12 13 16 18 20 ,-0.551000
447,6,20,3 8 9 11 15 18 ,2.720000
448,16,20,1 2 4 5 7 8 9 10 11 12 13 14 15 17 19 20 ,-0.223750
449,15,20,1 2 3 4 8 9 10 12 13 14 15 16 18 19 20 ,-5.553335
450,18,20,1 2 3 4 5 6 7 9 10 11 12 13 14 15 17 18 19 20 ,-0.152223
451,19,20,1 2 3 4 5 6 7 8 9 10 12 13 14 15 16 17 18 19 20 ,-3.989472
452,16,20,1 2 3 4 6 7 8 9 11 13 14 16 17 18 19 20 ,-4.357500
453,15,20,1 2 3 5 6 7 9 10 11 12 13 14 15 16 19 ,-2.544667
454,19,20,1 2 4 5 6 7 8 9 10 11 12 13 14 15 16 17 18 19 20 ,-1.124737
455,16,20,2 4 5 6 7 9 10 11 13 14 15 16 17 18 19 20 ,1.035000
456,16,20,1 2 3 4 5 7 8 9 10 11 12 14 16 17 18 20 ,-3.834375
457,13,20,1 2 3 4 5 7 9 12 13 15 16 17 18 ,3.823847
458,10,20,2 5 7 10 11 12 13 16 17 18 ,4.241000
459,7,20,4 7 8 12 15 18 19 ,-2.858572
460,5,20,3 7 8 13 15 ,-0.306000
461,10,20,4 5 6 10 12 13 14 17 19 20 ,3.921999
462,6,20,5 6 13 15 16 18 ,5.706667
463,18,20,1 3 4 5 6 7 8 9 10 11 13 14 15 16 17 18 19 20 ,-2.587778
464,7,20,3 4 6 7 16 17 20 ,0.324286
465,19,20,1 2 3 4 5 6 7 8 9 10 11 13 14 15 16 17 18 19 20 ,-3.458947
466,7,20,3 4 5 8 18 19 20 ,-1.667143
467,18,20,1 3 4 5 6 7 9 10 11 12 13 14 15 16 17 18 19 20 ,-0.851667
468,12,20,1 2 5 8 9 10 12 13 15 16 18 20 ,-2.204167
469,3,20,2 7 9 ,-5.276667
470,6,20,6 10 11 12 16 20 ,-0.563333
471,4,20,4 10 19 20 ,2.470000
472,9,20,3 5 7 9 10 12 14 16 20 ,0.605555
473,15,20,1 2 3 4 5 6 9 10 12 13 14 15 16 17 19 ,-1.927334
474,3,20,15 16 20 ,-1.616667
475,19,20,1 2 3 4 5 6 7 8 9 10 11 12 14 15 16 17 18 19 20 ,-4.024210
476,12,20,1 3 8 9 10 12 13 14 15 16 17 19 ,0.025000
477,8,20,2 3 4 5 6 8 9 11 ,-3.390000
478,10,20,1 3 4 5 7 11 15 16 17 18 ,0.960000
479,9,20,1 2 5 6 7 8 12 13 14 ,-1.412223
480,8,20,1 2 4 8 13 14 16 20 ,-3.191249
481,10,20,1 2 3 5 9 11 14 18 19 20 ,-2.763000
482,10,20,1 2 4 5 7 10 13 15 17 19 ,2.298000
483,20,20,1 2 3 4 5 6 7 8 9 10 11 12 13 14 15 16 17 18 19 20 ,-2.375500
484,14,20,1 3 4 5 7 8 10 11 12 13 15 16 18 19 ,-1.758572
485,9,20,1 5 9 10 11 13 15 17 20 ,1.314444
486,16,20,2 3 4 5 6 7 8 9 11 12 13 15 16 17 19 20 ,0.340625
487,13,20,1 2 3 5 8 10 11 14 15 16 17 18 19 ,-6.618461
488,10,20,2 3 4 6 9 10 12 13 17 18 ,-2.324000
489,7,20,3 6 7 8 14 15 16 ,-6.574286
490,16,20,1 3 5 7 8 9 10 11 12 13 14 15 16 17 18 20 ,0.631251
491,2,20,7 20 ,-0.305000
492,4,20,2 3 5 13 ,4.330000
493,15,20,1 2 3 4 5 6 7 9 10 12 13 14 15 17 19 ,-2.081333
494,15,20,3 4 6 7 8 9 10 11 12 13 14 16 17 18 19 ,-1.739333
495,7,20,2 5 7 10 11 14 17 ,-0.755714
496,20,20,1 2 3 4 5 6 7 8 9 10 11 12 13 14 15 16 17 18 19 20 ,-2.375500
497,12,20,3 4 5 6 8 11 12 14 15 18 19 20 ,1.520833
498,12,20,2 4 5 6 7 12 13 15 16 17 18 20 ,4.986667
499,19,20,1 2 3 4 5 6 7 8 9 10 11 12 13 14 16 17 18 19 20 ,-3.557368
500,19,20,1 2 3 4 6 7 8 9 10 11 12 13 14 15 16 17 18 19 20 ,-3.720526
501,9,20,4 6 9 10 12 14 15 19 20 ,0.760000
502,2,20,8 16 ,0.720000
503,12,20,2 3 4 5 6 7 8 9 11 13 15 17 ,-0.367500
504,20,20,1 2 3 4 5 6 7 8 9 10 11 12 13 14 15 16 17 18 19 20 ,-2.375500
505,6,20,2 8 10 15 17 20 ,-4.476667
506,3,20,3 11 19 ,-1.000000
507,17,20,1 2 3 4 6 7 8 9 10 11 13 15 16 17 18 19 20 ,-3.847646
508,15,20,1 2 3 4 7 8 9 10 13 15 16 17 18 19 20 ,-5.364667
509,8,20,6 8 10 11 12 17 18 19 ,-1.270000
