ITERAÇÃO,NR PONTOS SELECIONADOS,TOTAL PONTOS,LISTA DE PONTOS,RESULTADO
1,19,30,1 2 4 7 8 9 11 12 14 15 17 18 19 20 23 25 27 28 29 ,-5.175263
2,13,30,1 6 8 9 10 12 15 20 21 22 25 26 29 ,-1.942308
3,26,30,1 2 3 4 5 6 7 8 9 10 12 13 14 15 16 18 19 20 21 22 23 25 26 27 28 29 ,-1.942308
4,15,30,2 3 4 5 6 7 13 15 16 17 19 20 21 22 25 ,-1.942308
5,28,30,1 2 3 4 5 6 7 8 9 10 11 12 13 14 16 17 18 19 20 21 22 23 24 25 26 27 28 29 ,-1.942308
6,30,30,1 2 3 4 5 6 7 8 9 10 11 12 13 14 15 16 17 18 19 20 21 22 23 24 25 26 27 28 29 30 ,-1.942308
7,7,30,6 16 21 22 23 26 29 ,-0.438571
8,11,30,3 7 12 15 16 17 18 19 23 25 29 ,0.944545
9,12,30,1 2 8 10 11 12 13 19 20 26 28 29 ,0.944545
10,15,30,2 5 7 9 11 13 14 15 18 19 23 24 25 26 28 ,0.944545
11,6,30,4 5 15 21 29 30 ,0.944545
12,16,30,2 4 6 8 9 10 11 13 15 18 19 20 21 22 23 28 ,0.944545
13,15,30,1 2 3 5 6 7 9 16 20 24 25 26 27 28 30 ,0.944545
14,10,30,1 2 4 6 8 15 17 19 21 24 ,2.278000
15,14,30,2 5 6 8 11 13 16 18 20 23 24 25 26 30 ,2.278000
16,24,30,2 3 4 5 6 7 8 9 10 11 13 14 15 16 17 18 19 21 22 23 25 27 29 30 ,2.278000
17,13,30,1 2 4 5 7 12 15 22 23 25 26 27 29 ,2.278000
18,21,30,2 3 4 5 7 8 9 10 11 13 16 18 19 20 21 23 24 26 27 29 30 ,2.278000
19,27,30,1 2 3 4 5 7 8 9 10 11 12 14 15 16 17 18 19 20 21 22 23 24 26 27 28 29 30 ,2.278000
20,13,30,2 5 6 9 10 11 13 19 22 23 27 28 29 ,2.278000
21,11,30,4 7 8 9 12 18 19 21 26 27 28 ,2.278000
22,2,30,14 18 ,2.278000
23,25,30,1 2 3 4 5 6 7 9 11 12 13 14 16 17 18 20 21 23 24 25 26 27 28 29 30 ,2.278000
24,5,30,4 14 21 26 30 ,2.278000
25,10,30,3 4 6 10 11 18 19 21 22 29 ,2.278000
26,4,30,6 9 22 30 ,3.300000
27,29,30,2 3 4 5 6 7 8 9 10 11 12 13 14 15 16 17 18 19 20 21 22 23 24 25 26 27 28 29 30 ,3.300000
28,5,30,3 4 8 20 27 ,10.272500
29,14,30,1 2 3 4 7 10 12 13 19 20 22 24 25 28 ,10.272500
30,14,30,1 2 3 5 7 8 9 11 14 17 18 26 27 30 ,10.272500
31,14,30,1 2 4 5 6 11 12 13 17 19 21 25 28 29 ,10.272500
32,13,30,1 3 4 6 8 11 13 19 20 21 24 26 28 ,10.272500
33,24,30,2 3 4 5 6 7 8 9 10 12 14 15 16 17 18 19 20 23 24 26 27 28 29 30 ,10.272500
34,2,30,13 20 ,10.272500
35,28,30,1 2 3 4 5 6 7 8 9 10 11 12 13 14 15 16 17 18 19 20 21 22 23 24 25 27 29 30 ,10.272500
36,2,30,5 19 ,10.272500
37,27,30,1 2 3 4 5 6 7 8 9 10 11 12 14 15 17 18 19 20 21 22 23 24 25 26 28 29 30 ,10.272500
38,12,30,3 4 11 12 13 15 16 17 18 19 23 26 ,10.272500
39,14,30,2 3 5 9 14 19 20 21 22 23 24 26 27 30 ,10.272500
40,22,30,1 3 4 5 6 7 8 9 10 11 12 13 15 16 19 20 21 23 25 27 28 29 ,10.272500
41,18,30,1 2 3 5 6 8 9 12 15 16 19 20 21 24 27 28 29 30 ,10.272500
42,20,30,1 2 3 4 5 7 9 12 13 15 16 17 18 20 21 22 23 25 27 30 ,10.272500
43,26,30,1 2 3 4 5 6 7 8 9 10 11 12 13 14 15 16 17 18 19 21 22 23 24 26 28 30 ,10.272500
44,12,30,5 7 8 9 15 17 20 23 27 28 29 30 ,10.272500
45,30,30,1 2 3 4 5 6 7 8 9 10 11 12 13 14 15 16 17 18 19 20 21 22 23 24 25 26 27 28 29 30 ,10.272500
46,8,30,6 7 8 9 10 11 12 21 ,10.272500
47,29,30,2 3 4 5 6 7 8 9 10 11 12 13 14 15 16 17 18 19 20 21 22 23 24 25 26 27 28 29 30 ,10.272500
48,13,30,1 5 8 11 13 14 15 16 17 20 22 27 28 ,10.272500
49,6,30,2 8 12 18 22 26 ,10.272500
50,17,30,1 2 4 5 6 7 10 14 15 17 18 19 21 22 27 28 30 ,10.272500
51,3,30,5 7 25 ,10.272500
52,17,30,4 6 7 8 9 10 11 13 14 16 17 19 21 22 23 24 29 ,10.272500
53,20,30,1 3 4 5 7 8 9 11 12 15 16 18 19 21 23 24 25 26 27 29 ,10.272500
54,6,30,14 15 17 23 27 30 ,10.272500
55,18,30,1 3 4 5 7 10 11 12 14 15 16 17 18 21 23 25 26 30 ,10.272500
56,22,30,1 2 5 7 8 9 10 11 13 14 15 16 18 19 21 22 23 24 25 26 29 30 ,10.272500
57,28,30,1 2 3 4 6 7 8 9 10 11 12 13 14 15 16 17 18 19 20 21 22 23 25 26 27 28 29 30 ,10.272500
58,5,30,2 5 11 18 21 ,10.272500
59,13,30,1 3 8 10 11 13 16 21 23 24 25 27 28 ,10.272500
60,22,30,1 2 3 4 5 7 8 9 10 12 13 17 18 20 21 23 24 25 27 28 29 30 ,10.272500
61,12,30,1 5 6 8 13 16 17 21 23 26 28 29 ,10.272500
62,23,30,2 4 5 6 8 9 10 12 13 14 16 18 19 20 21 22 23 24 26 27 28 29 30 ,10.272500
63,19,30,2 3 5 6 7 8 9 10 13 14 15 16 18 23 25 26 27 29 30 ,10.272500
64,12,30,2 6 7 8 9 13 15 21 22 25 28 30 ,10.272500
65,30,30,1 2 3 4 5 6 7 8 9 10 11 12 13 14 15 16 17 18 19 20 21 22 23 24 25 26 27 28 29 30 ,10.272500
66,11,30,2 4 5 6 8 9 11 14 17 26 28 ,10.272500
67,22,30,1 2 3 4 5 6 7 11 13 14 15 16 17 18 19 21 22 23 24 25 26 30 ,10.272500
68,13,30,1 3 4 8 9 10 11 12 14 22 25 26 27 ,10.272500
69,10,30,1 6 8 11 12 15 26 27 28 29 ,10.272500
70,29,30,1 2 3 4 5 6 7 8 9 10 11 12 13 14 15 16 17 18 19 20 21 23 24 25 26 27 28 29 30 ,10.272500
71,5,30,5 8 19 23 28 ,10.272500
72,9,30,2 6 9 10 14 21 27 29 30 ,10.272500
73,26,30,1 2 4 5 6 8 9 11 12 13 14 15 16 17 19 20 21 22 23 24 25 26 27 28 29 30 ,10.272500
74,3,30,10 14 26 ,10.272500
75,13,30,4 5 9 12 13 18 22 23 24 27 28 29 30 ,10.272500
76,24,30,3 4 5 6 7 8 10 11 12 13 15 17 18 19 20 22 23 24 25 26 27 28 29 30 ,10.272500
77,20,30,1 2 4 5 6 7 8 9 10 11 12 15 18 19 21 23 25 27 28 29 ,10.272500
78,24,30,1 2 4 5 6 7 9 10 11 13 14 15 16 17 19 20 21 22 23 24 26 28 29 30 ,10.272500
79,9,30,2 4 5 7 12 21 22 25 29 ,10.272500
80,7,30,2 5 13 18 19 23 25 ,10.272500
81,29,30,1 2 3 4 5 6 7 8 10 11 12 13 14 15 16 17 18 19 20 21 22 23 24 25 26 27 28 29 30 ,10.272500
82,4,30,2 14 28 30 ,10.272500
83,2,30,12 23 ,10.272500
84,13,30,2 3 6 8 9 15 19 20 21 22 23 24 27 ,10.272500
85,10,30,5 10 11 14 16 19 20 23 25 26 ,10.272500
86,4,30,11 13 28 29 ,10.272500
87,6,30,1 5 13 19 24 30 ,10.272500
88,22,30,2 3 5 6 7 8 9 10 11 12 13 17 19 20 21 22 23 24 26 28 29 30 ,10.272500
89,24,30,1 2 3 4 6 8 9 10 11 12 13 14 15 16 17 18 20 21 23 24 25 26 27 29 ,10.272500
90,6,30,1 4 8 20 23 29 ,10.272500
91,24,30,2 4 5 8 9 10 11 12 13 14 15 16 17 18 19 20 21 22 23 25 27 28 29 30 ,10.272500
92,7,30,2 4 8 19 21 22 25 ,10.272500
93,23,30,1 3 4 5 6 7 8 9 10 11 13 14 16 17 18 20 21 22 23 25 27 29 30 ,10.272500
94,27,30,1 2 3 4 5 6 7 8 9 10 11 12 13 14 15 16 17 19 20 22 23 24 25 26 27 28 29 ,10.272500
95,26,30,1 2 3 5 6 7 8 9 10 11 13 14 15 16 17 19 21 22 23 24 25 26 27 28 29 30 ,10.272500
96,4,30,12 16 18 30 ,10.272500
97,26,30,1 2 3 4 5 6 7 8 9 10 11 12 13 14 15 17 20 21 22 23 24 25 26 28 29 30 ,10.272500
98,30,30,1 2 3 4 5 6 7 8 9 10 11 12 13 14 15 16 17 18 19 20 21 22 23 24 25 26 27 28 29 30 ,10.272500
99,11,30,1 6 7 10 16 19 20 21 22 28 29 ,10.272500
100,30,30,1 2 3 4 5 6 7 8 9 10 11 12 13 14 15 16 17 18 19 20 21 22 23 24 25 26 27 28 29 30 ,10.272500
101,25,30,1 2 4 5 6 7 8 9 10 11 12 13 14 15 17 18 19 20 21 22 24 25 26 29 30 ,10.272500
102,4,30,5 8 13 17 ,10.272500
103,17,30,1 2 3 4 7 8 10 12 13 14 15 18 19 22 23 26 30 ,10.272500
104,10,30,1 6 10 12 15 20 21 22 24 25 ,10.272500
105,2,30,1 27 ,10.272500
106,19,30,1 3 4 6 7 8 9 10 11 14 15 16 19 20 23 24 25 26 27 ,10.272500
107,11,30,3 4 14 18 19 20 21 22 23 26 27 ,10.272500
108,19,30,1 3 4 5 6 7 9 11 12 13 14 16 20 22 23 25 26 27 28 ,10.272500
109,26,30,1 2 4 5 6 7 8 9 10 11 12 13 14 17 19 20 21 22 23 24 25 26 27 28 29 30 ,10.272500
110,27,30,1 2 3 4 6 7 8 9 10 11 12 13 14 15 17 18 19 20 21 22 23 24 25 26 27 29 30 ,10.272500
111,14,30,1 2 3 5 6 7 8 9 11 12 14 24 25 30 ,10.272500
112,12,30,5 6 7 9 11 12 18 21 22 25 27 30 ,10.272500
113,28,30,1 2 3 4 5 6 7 8 9 11 12 13 14 15 16 17 19 20 21 22 23 24 25 26 27 28 29 30 ,10.272500
114,6,30,3 7 9 15 17 26 ,10.952499
115,5,30,2 11 13 18 28 ,10.952499
116,12,30,1 3 8 9 13 14 16 17 18 19 20 25 ,10.952499
117,16,30,2 3 6 7 8 9 14 16 18 21 23 24 25 27 28 30 ,10.952499
118,9,30,5 11 12 14 16 19 20 27 28 ,10.952499
119,10,30,1 2 3 4 6 7 21 24 28 30 ,10.952499
120,11,30,4 5 6 8 11 18 19 23 24 28 30 ,10.952499
121,19,30,2 5 6 8 9 10 11 12 13 15 16 19 20 21 22 23 24 25 28 ,10.952499
122,30,30,1 2 3 4 5 6 7 8 9 10 11 12 13 14 15 16 17 18 19 20 21 22 23 24 25 26 27 28 29 30 ,10.952499
123,11,30,1 2 4 6 7 8 12 18 23 24 28 ,10.952499
124,21,30,1 2 3 6 7 8 13 14 15 16 17 18 19 21 22 24 25 27 28 29 30 ,10.952499
125,21,30,1 2 3 5 6 7 8 9 13 14 15 18 20 23 24 25 26 27 28 29 30 ,10.952499
126,22,30,3 4 5 6 8 9 12 13 14 15 18 19 20 22 23 24 25 26 27 28 29 30 ,10.952499
127,18,30,1 2 3 5 6 8 9 14 16 17 18 19 20 22 25 27 29 30 ,10.952499
128,29,30,1 2 3 4 5 6 7 8 9 10 11 12 13 14 15 16 17 18 19 20 21 22 23 24 25 26 28 29 30 ,10.952499
129,4,30,1 11 22 29 ,10.952499
130,24,30,1 2 3 4 5 6 8 9 10 11 12 14 16 18 20 21 22 24 25 26 27 28 29 30 ,10.952499
131,6,30,2 5 8 17 20 27 ,10.952499
132,10,30,4 5 7 8 12 16 22 25 26 29 ,10.952499
133,11,30,4 6 7 8 9 13 21 23 25 26 27 ,10.952499
134,15,30,1 4 6 8 9 10 11 16 17 20 22 23 26 28 30 ,10.952499
135,25,30,2 4 5 6 7 8 9 11 12 13 14 15 16 17 19 20 21 22 23 24 25 26 27 28 30 ,10.952499
136,20,30,1 2 3 4 5 6 8 10 13 15 17 18 20 21 22 23 24 25 28 30 ,10.952499
137,21,30,2 3 4 5 7 8 10 11 12 13 14 15 16 17 18 19 20 24 25 29 30 ,10.952499
138,4,30,6 10 13 25 ,10.952499
139,6,30,8 12 13 17 23 29 ,10.952499
140,25,30,1 2 4 5 7 8 9 10 11 12 13 14 15 16 19 20 21 22 23 24 25 26 27 28 30 ,10.952499
141,29,30,1 2 3 4 5 6 7 8 9 10 11 12 13 15 16 17 18 19 20 21 22 23 24 25 26 27 28 29 30 ,10.952499
142,11,30,1 14 15 16 18 20 21 23 26 27 29 ,10.952499
143,9,30,5 6 7 12 18 20 21 25 30 ,10.952499
144,20,30,1 2 3 5 6 10 13 14 15 16 17 19 22 23 24 25 26 27 29 30 ,10.952499
145,11,30,3 4 5 10 14 15 22 23 25 28 29 ,10.952499
146,11,30,2 3 5 6 7 13 15 18 20 22 27 ,10.952499
147,22,30,3 6 7 8 9 10 11 13 14 15 16 17 18 19 21 22 25 26 27 28 29 30 ,10.952499
148,23,30,2 4 5 6 7 8 9 11 12 13 15 16 18 19 20 21 23 24 25 27 28 29 30 ,10.952499
149,28,30,1 2 3 4 5 6 7 8 9 10 11 12 13 14 15 17 18 19 20 22 23 24 25 26 27 28 29 30 ,10.952499
150,14,30,5 6 8 9 11 12 15 16 17 20 25 26 27 29 ,10.952499
151,25,30,1 2 4 5 6 7 8 10 11 13 14 15 17 18 19 20 21 22 23 24 25 26 27 28 30 ,10.952499
152,5,30,5 6 10 19 21 ,10.952499
153,4,30,3 20 26 29 ,10.952499
154,26,30,1 2 3 4 5 6 8 9 10 11 13 14 15 16 18 19 20 21 22 23 24 25 27 28 29 30 ,10.952499
155,24,30,1 2 3 5 6 7 9 10 11 12 13 14 15 16 17 18 19 21 22 23 26 27 29 30 ,10.952499
156,21,30,1 3 4 5 7 8 10 12 13 14 15 17 20 21 23 24 25 26 28 29 30 ,10.952499
157,14,30,1 3 8 10 11 14 15 19 20 21 22 24 26 28 ,10.952499
158,24,30,1 2 4 6 7 8 10 11 14 16 17 18 19 20 21 22 23 24 25 26 27 28 29 30 ,10.952499
159,27,30,1 2 3 4 5 6 7 8 10 11 13 14 15 16 17 18 19 20 21 22 24 25 26 27 28 29 30 ,10.952499
160,7,30,9 14 17 18 19 21 22 ,10.952499
161,2,30,16 28 ,10.952499
162,17,30,3 5 6 8 9 10 12 13 14 15 17 19 21 25 27 29 30 ,10.952499
163,27,30,2 3 4 5 6 7 8 9 10 11 12 13 14 15 16 18 19 20 21 22 23 24 25 26 27 28 29 ,10.952499
164,19,30,1 3 6 7 8 9 12 13 17 18 20 22 23 24 25 27 28 29 30 ,10.952499
165,28,30,1 2 3 4 5 6 7 8 9 10 11 12 13 14 16 17 18 19 21 22 23 24 25 26 27 28 29 30 ,10.952499
166,19,30,1 4 5 7 9 10 12 14 16 17 19 20 22 23 24 25 27 28 30 ,10.952499
167,22,30,1 2 4 5 6 8 9 10 11 14 15 16 17 18 19 21 23 25 26 27 28 30 ,10.952499
168,6,30,1 4 9 18 20 26 ,10.952499
169,4,30,8 20 21 27 ,10.952499
170,30,30,1 2 3 4 5 6 7 8 9 10 11 12 13 14 15 16 17 18 19 20 21 22 23 24 25 26 27 28 29 30 ,10.952499
171,22,30,1 2 4 6 7 8 10 12 13 14 15 17 18 21 22 23 24 26 27 28 29 30 ,10.952499
172,14,30,1 2 5 6 10 11 15 16 19 20 21 24 25 28 ,10.952499
173,26,30,1 3 4 5 6 7 8 9 10 11 12 13 14 15 18 19 20 21 22 23 24 25 26 27 28 29 ,10.952499
174,20,30,1 2 3 5 6 10 11 12 14 15 16 18 19 20 23 24 26 27 28 29 ,10.952499
175,13,30,4 6 7 9 10 15 18 19 23 24 25 29 30 ,10.952499
176,25,30,2 3 5 6 7 8 9 10 12 13 15 16 17 18 19 20 21 22 23 24 25 26 27 28 29 ,10.952499
177,20,30,1 3 4 5 6 7 8 14 18 19 20 22 23 24 25 26 27 28 29 30 ,10.952499
178,12,30,2 3 4 7 11 18 20 22 23 24 27 30 ,10.952499
179,10,30,3 6 8 10 13 17 20 24 27 28 ,10.952499
180,28,30,2 3 4 5 6 7 8 9 10 11 12 13 14 16 17 18 19 20 21 22 23 24 25 26 27 28 29 30 ,10.952499
181,14,30,5 7 8 10 11 12 14 15 17 21 22 27 28 29 ,10.952499
182,2,30,11 26 ,10.952499
183,14,30,2 8 10 13 14 17 19 20 21 25 26 27 28 29 ,10.952499
184,10,30,1 2 4 10 11 12 14 16 22 27 ,10.952499
185,20,30,3 6 8 9 10 12 13 15 16 17 18 19 20 21 22 23 25 26 27 29 ,10.952499
186,8,30,1 5 7 11 12 16 22 23 ,10.952499
187,5,30,11 16 17 18 24 ,10.952499
188,4,30,7 18 20 28 ,10.952499
189,28,30,1 2 3 4 5 6 7 8 9 10 11 12 13 15 16 17 19 20 21 22 23 24 25 26 27 28 29 30 ,10.952499
190,14,30,2 3 5 6 9 10 12 13 20 21 22 25 26 30 ,10.952499
191,14,30,1 2 3 4 6 10 12 14 21 26 27 28 29 30 ,10.952499
192,3,30,2 4 11 ,10.952499
193,30,30,1 2 3 4 5 6 7 8 9 10 11 12 13 14 15 16 17 18 19 20 21 22 23 24 25 26 27 28 29 30 ,10.952499
194,27,30,1 2 3 5 6 7 8 9 10 11 12 13 14 16 17 18 20 21 22 23 24 25 26 27 28 29 30 ,10.952499
195,15,30,1 3 5 6 8 9 12 15 18 19 20 22 26 27 28 ,10.952499
196,4,30,3 10 22 30 ,10.952499
197,29,30,1 2 3 4 5 6 7 8 9 10 11 12 13 14 15 16 17 18 19 20 21 23 24 25 26 27 28 29 30 ,10.952499
198,8,30,2 3 7 9 13 18 21 25 ,10.952499
199,26,30,1 2 3 4 5 8 9 11 12 13 14 15 16 17 18 20 21 22 23 24 25 26 27 28 29 30 ,10.952499
200,4,30,2 7 13 24 ,10.952499
201,26,30,1 2 3 4 5 6 7 8 9 10 11 12 13 14 16 17 18 19 20 21 24 25 26 27 28 29 ,10.952499
202,12,30,3 4 8 11 13 14 15 17 24 25 27 29 ,10.952499
203,30,30,1 2 3 4 5 6 7 8 9 10 11 12 13 14 15 16 17 18 19 20 21 22 23 24 25 26 27 28 29 30 ,10.952499
204,23,30,2 3 6 7 8 9 10 11 12 13 14 15 17 19 20 21 23 24 25 27 28 29 30 ,10.952499
205,3,30,7 10 22 ,10.952499
206,3,30,4 14 27 ,10.952499
207,7,30,1 3 6 14 15 19 20 ,10.952499
208,12,30,8 9 12 13 17 18 22 23 25 26 27 28 ,10.952499
209,20,30,1 2 3 4 6 8 9 10 14 15 16 17 18 19 21 22 23 24 25 30 ,10.952499
210,18,30,1 3 4 7 11 12 16 17 18 19 20 21 22 23 24 25 27 29 ,10.952499
211,8,30,1 2 3 9 10 17 24 26 ,10.952499
212,19,30,1 3 4 7 8 10 11 12 13 14 16 18 19 20 21 25 27 29 30 ,10.952499
213,15,30,2 4 5 7 8 9 11 13 17 18 19 22 23 26 29 ,10.952499
214,21,30,1 2 5 6 7 8 9 11 13 14 16 17 20 21 22 24 25 26 27 28 30 ,10.952499
215,22,30,1 2 3 5 7 10 11 14 15 17 18 19 20 22 23 24 25 26 27 28 29 30 ,10.952499
216,3,30,16 17 27 ,10.952499
217,22,30,2 4 5 6 8 9 10 11 12 14 15 16 17 18 20 21 22 25 26 27 28 30 ,10.952499
218,29,30,1 2 4 5 6 7 8 9 10 11 12 13 14 15 16 17 18 19 20 21 22 23 24 25 26 27 28 29 30 ,10.952499
219,27,30,2 3 5 7 8 9 10 11 12 13 14 15 16 17 18 19 20 21 22 23 24 25 26 27 28 29 30 ,10.952499
220,5,30,2 4 7 17 22 ,10.952499
221,20,30,1 2 5 6 7 8 9 11 13 15 16 17 18 19 20 24 25 28 29 30 ,10.952499
222,25,30,1 2 3 4 5 6 7 8 9 10 11 12 13 14 15 16 17 18 19 20 23 25 26 29 30 ,10.952499
223,2,30,7 25 ,10.952499
224,10,30,3 7 12 13 14 20 22 25 28 29 ,10.952499
225,23,30,1 2 3 4 5 7 8 10 11 12 13 14 17 18 19 20 21 22 23 25 26 27 29 ,10.952499
226,16,30,1 2 3 4 5 8 11 12 13 17 19 20 21 23 27 28 ,10.952499
227,5,30,2 13 24 29 30 ,10.952499
228,19,30,2 4 5 6 8 10 11 12 14 16 17 18 19 22 23 24 26 28 29 ,10.952499
229,8,30,2 3 10 14 22 23 27 30 ,10.952499
230,23,30,1 2 3 5 6 8 11 12 13 14 16 17 18 20 21 22 23 24 25 27 28 29 30 ,10.952499
231,20,30,1 2 3 4 7 8 9 11 12 13 15 16 17 20 24 25 26 27 29 30 ,10.952499
232,30,30,1 2 3 4 5 6 7 8 9 10 11 12 13 14 15 16 17 18 19 20 21 22 23 24 25 26 27 28 29 30 ,10.952499
233,24,30,2 3 4 5 6 7 8 9 11 12 13 15 16 17 18 19 21 22 23 25 26 27 28 29 ,10.952499
234,5,30,1 8 11 13 30 ,10.952499
235,2,30,1 11 ,10.952499
236,5,30,6 9 11 15 28 ,10.952499
237,2,30,2 20 ,10.952499
238,16,30,1 5 9 12 13 14 16 17 22 23 24 25 26 27 28 30 ,10.952499
239,12,30,2 4 8 9 15 16 18 19 22 24 26 27 ,10.952499
240,27,30,1 3 5 6 8 9 10 11 12 13 14 15 16 17 18 19 20 21 22 23 24 25 26 27 28 29 30 ,10.952499
241,3,30,15 18 20 ,10.952499
242,13,30,2 3 6 10 14 15 18 19 23 24 25 27 30 ,11.806665
243,28,30,1 2 3 4 5 6 7 8 9 10 11 12 13 14 15 16 17 18 20 21 22 23 24 26 27 28 29 30 ,11.806665
244,11,30,2 3 5 7 21 22 24 25 26 28 29 ,11.806665
245,21,30,1 3 5 6 7 8 10 12 13 14 15 16 18 19 22 24 25 26 27 29 30 ,11.806665
246,11,30,7 13 14 15 16 18 19 22 23 26 28 ,11.806665
247,18,30,1 2 5 6 9 10 11 12 13 14 15 16 17 20 24 26 28 29 ,11.806665
248,6,30,17 18 24 26 29 30 ,11.806665
249,23,30,1 2 3 5 6 8 9 11 13 14 15 16 18 20 21 22 23 24 25 26 27 28 29 ,11.806665
250,4,30,1 7 11 22 ,11.806665
251,24,30,2 3 5 6 7 8 10 11 12 13 14 15 16 17 18 19 20 21 22 23 24 25 26 27 ,11.806665
252,13,30,2 3 4 7 11 12 13 16 17 22 23 27 30 ,11.806665
253,8,30,3 5 9 13 16 20 22 28 ,11.806665
254,3,30,21 22 25 ,11.806665
255,18,30,1 3 6 7 8 9 11 12 15 16 18 19 20 21 24 26 29 30 ,11.806665
256,4,30,1 20 21 23 ,11.806665
257,9,30,1 11 13 19 20 25 26 27 29 ,11.806665
258,28,30,1 3 4 5 6 7 8 9 10 11 12 13 14 15 16 18 19 20 21 22 23 24 25 26 27 28 29 30 ,11.806665
259,29,30,1 2 3 4 5 6 7 8 9 10 11 12 13 14 15 16 17 19 20 21 22 23 24 25 26 27 28 29 30 ,11.806665
260,17,30,3 4 6 8 9 10 11 14 15 16 19 21 22 23 25 26 27 ,11.806665
261,12,30,2 4 6 7 10 12 13 16 21 24 27 30 ,11.806665
262,27,30,1 2 3 5 7 8 9 10 11 12 14 15 16 17 18 19 20 21 22 23 24 25 26 27 28 29 30 ,11.806665
263,4,30,9 10 13 19 ,11.806665
264,23,30,1 2 3 4 5 6 7 8 9 11 13 15 16 17 18 19 21 22 25 26 27 28 29 ,11.806665
265,16,30,3 4 6 7 8 10 12 13 14 15 18 19 23 25 26 27 ,11.806665
266,28,30,1 2 3 4 5 6 7 8 9 10 12 13 14 15 16 17 18 19 20 21 22 23 24 26 27 28 29 30 ,11.806665
267,15,30,2 5 6 7 9 11 12 13 14 15 16 18 25 27 29 ,11.806665
268,22,30,1 2 3 4 5 7 9 10 11 12 13 14 17 18 19 20 22 23 25 28 29 30 ,11.806665
269,2,30,19 30 ,11.806665
270,29,30,1 2 3 4 5 6 7 8 10 11 12 13 14 15 16 17 18 19 20 21 22 23 24 25 26 27 28 29 30 ,11.806665
271,11,30,2 10 11 14 16 20 22 24 27 29 30 ,11.806665
272,4,30,2 7 15 24 ,11.806665
273,8,30,1 4 5 13 16 19 23 29 ,11.806665
274,3,30,6 23 29 ,11.806665
275,19,30,1 4 6 7 8 9 10 13 16 17 18 19 20 23 24 25 26 28 30 ,11.806665
276,28,30,1 2 3 5 6 7 8 9 10 11 12 13 14 15 16 17 18 19 20 21 22 23 25 26 27 28 29 30 ,11.806665
277,26,30,2 3 5 6 8 9 10 11 12 13 14 15 16 17 18 19 20 21 22 23 25 26 27 28 29 30 ,11.806665
278,6,30,1 5 9 14 17 25 ,11.806665
279,10,30,1 3 4 8 11 17 22 26 27 28 ,11.806665
280,17,30,2 3 5 7 8 10 11 13 14 17 19 20 23 25 27 28 29 ,11.806665
281,9,30,1 3 8 10 14 22 27 28 30 ,11.806665
282,21,30,2 4 6 7 8 9 11 12 16 18 19 20 21 22 23 24 25 26 27 29 30 ,11.806665
283,25,30,1 3 4 5 6 7 8 9 10 11 12 13 14 17 18 19 20 21 23 25 26 27 28 29 30 ,11.806665
284,25,30,1 3 4 5 7 8 9 10 11 12 13 14 17 18 19 20 21 22 23 24 25 26 27 28 30 ,11.806665
285,11,30,10 11 12 16 17 23 24 25 26 27 28 ,11.806665
286,17,30,2 3 4 5 7 8 11 12 13 14 15 16 18 21 23 24 30 ,11.806665
287,23,30,1 2 3 4 8 9 10 11 12 13 14 15 16 18 20 21 22 23 24 26 27 28 29 ,11.806665
288,25,30,2 3 5 7 8 9 10 11 12 13 14 15 16 17 18 19 20 21 22 23 25 26 27 29 30 ,11.806665
289,25,30,1 2 4 5 6 7 8 10 11 13 14 15 16 17 18 19 20 21 22 23 24 26 27 28 30 ,11.806665
290,6,30,1 3 7 18 19 28 ,11.806665
291,5,30,3 11 21 22 28 ,11.806665
292,13,30,2 4 6 7 11 12 16 18 19 20 26 27 29 ,11.806665
293,28,30,1 2 4 5 7 8 9 10 11 12 13 14 15 16 17 18 19 20 21 22 23 24 25 26 27 28 29 30 ,11.806665
294,3,30,20 24 25 ,11.806665
295,11,30,2 5 12 14 16 17 23 27 28 29 30 ,11.806665
296,22,30,3 4 6 7 9 10 11 12 13 14 15 16 18 20 21 23 25 26 27 28 29 30 ,11.806665
297,5,30,1 8 9 13 18 ,11.806665
298,20,30,1 2 4 6 7 9 12 13 14 16 17 18 19 22 23 24 25 26 27 30 ,11.806665
299,13,30,5 6 8 11 13 16 19 20 21 25 27 28 29 ,11.806665
300,24,30,1 3 4 5 6 7 8 10 11 12 13 14 15 17 19 20 21 22 23 24 25 26 29 30 ,11.806665
301,21,30,1 2 3 4 6 8 9 10 11 12 14 15 16 22 23 24 25 26 27 29 30 ,11.806665
302,17,30,2 5 6 7 8 10 14 15 16 21 22 23 25 27 28 29 30 ,11.806665
303,30,30,1 2 3 4 5 6 7 8 9 10 11 12 13 14 15 16 17 18 19 20 21 22 23 24 25 26 27 28 29 30 ,11.806665
304,3,30,3 11 25 ,11.806665
305,16,30,2 3 5 6 9 10 12 14 15 17 18 22 24 25 26 27 ,11.806665
306,27,30,1 3 4 5 6 7 8 9 10 11 12 13 14 15 16 17 18 19 20 21 22 23 24 26 27 28 29 ,11.806665
307,4,30,15 16 18 21 ,11.806665
308,26,30,1 2 3 6 7 9 10 11 12 13 14 15 16 18 19 20 21 22 23 24 25 26 27 28 29 30 ,11.806665
309,3,30,3 12 19 ,11.806665
310,25,30,2 3 4 5 6 7 8 9 10 11 12 13 15 16 19 20 21 22 24 25 26 27 28 29 30 ,11.806665
311,16,30,1 2 3 4 9 12 13 14 15 17 19 20 21 22 28 29 ,11.806665
312,21,30,1 2 3 4 5 6 7 8 9 10 11 12 15 16 17 19 21 22 23 24 30 ,11.806665
313,6,30,2 9 13 20 22 25 ,11.806665
314,15,30,2 3 4 5 7 8 10 11 12 14 18 19 24 28 29 ,11.806665
315,13,30,1 4 5 9 10 11 12 14 19 23 24 26 27 ,11.806665
316,22,30,1 2 3 4 6 7 8 9 10 14 16 18 19 20 21 22 24 26 27 28 29 30 ,11.806665
317,18,30,1 2 6 7 8 9 10 14 15 18 19 20 23 24 25 26 28 30 ,11.806665
318,30,30,1 2 3 4 5 6 7 8 9 10 11 12 13 14 15 16 17 18 19 20 21 22 23 24 25 26 27 28 29 30 ,11.806665
319,29,30,1 2 3 4 5 6 7 8 9 10 11 12 13 14 15 16 17 18 19 20 21 22 23 24 25 26 28 29 30 ,11.806665
320,10,30,2 5 6 10 11 13 18 21 24 27 ,11.806665
321,29,30,1 2 3 4 5 6 7 8 9 10 11 12 13 14 15 16 17 18 19 20 21 22 24 25 26 27 28 29 30 ,11.806665
322,2,30,6 23 ,11.806665
323,14,30,1 3 7 12 13 14 15 17 18 21 22 24 26 29 ,11.806665
324,27,30,1 2 3 4 5 6 7 8 9 10 11 13 14 15 16 18 19 21 22 23 24 25 26 27 28 29 30 ,11.806665
325,18,30,1 2 3 4 5 7 9 11 13 15 16 17 20 21 25 26 28 30 ,11.806665
326,11,30,2 6 7 8 9 15 17 18 21 24 28 ,11.806665
327,16,30,4 6 7 9 11 15 17 18 20 21 24 25 27 28 29 30 ,11.806665
328,20,30,1 3 4 5 6 7 8 9 10 11 15 16 17 18 20 22 23 26 28 30 ,11.806665
329,19,30,3 5 6 9 12 13 14 15 16 17 18 21 22 23 24 25 26 29 30 ,11.806665
330,8,30,3 4 11 14 16 18 26 27 ,11.806665
331,17,30,2 3 5 6 9 10 11 12 14 15 16 17 18 21 22 27 29 ,11.806665
332,16,30,2 3 6 7 10 12 15 16 17 18 19 21 26 27 28 29 ,11.806665
333,28,30,1 2 3 4 5 6 7 8 9 10 11 12 13 14 15 16 17 19 20 21 22 23 24 26 27 28 29 30 ,11.806665
334,26,30,1 2 3 4 6 8 9 10 12 13 14 15 16 17 19 20 21 22 23 24 25 26 27 28 29 30 ,11.806665
335,29,30,1 2 3 4 5 6 7 8 9 10 11 12 13 14 15 16 18 19 20 21 22 23 24 25 26 27 28 29 30 ,11.806665
336,25,30,1 2 3 5 6 7 8 9 10 11 12 13 14 15 16 18 19 20 23 24 25 26 27 29 30 ,11.806665
337,3,30,9 24 25 ,11.806665
338,27,30,1 2 3 4 6 8 9 10 11 12 13 14 15 16 17 18 19 20 21 22 23 24 26 27 28 29 30 ,11.806665
339,26,30,1 2 3 4 5 6 7 8 9 10 12 14 15 16 17 18 19 20 22 24 25 26 27 28 29 30 ,11.806665
340,14,30,1 4 5 9 16 17 18 19 20 21 22 23 24 30 ,11.806665
341,21,30,1 3 4 5 6 7 8 9 12 17 18 19 20 21 22 23 24 25 26 28 30 ,11.806665
342,13,30,4 5 6 8 9 12 13 17 19 20 25 26 29 ,11.806665
343,18,30,1 2 3 4 5 6 7 9 12 17 18 19 20 21 24 25 29 30 ,11.806665
344,30,30,1 2 3 4 5 6 7 8 9 10 11 12 13 14 15 16 17 18 19 20 21 22 23 24 25 26 27 28 29 30 ,11.806665
345,20,30,2 4 5 6 8 9 10 12 13 14 15 16 17 20 21 22 23 28 29 30 ,11.806665
346,27,30,1 2 3 5 6 7 8 9 10 11 12 13 14 15 16 17 18 19 20 21 23 24 25 26 27 28 30 ,11.806665
347,30,30,1 2 3 4 5 6 7 8 9 10 11 12 13 14 15 16 17 18 19 20 21 22 23 24 25 26 27 28 29 30 ,11.806665
348,10,30,3 5 10 11 14 17 26 27 28 30 ,11.806665
349,20,30,2 3 4 6 9 11 12 13 14 17 19 20 21 22 23 24 25 26 27 30 ,11.806665
350,24,30,1 2 3 4 5 6 7 8 9 11 12 13 16 17 18 19 20 21 22 24 25 27 28 29 ,11.806665
351,21,30,2 3 4 5 7 8 9 10 11 12 13 15 17 18 19 20 21 22 27 28 30 ,11.806665
352,21,30,1 4 6 7 8 9 10 12 14 15 17 19 20 22 23 24 26 27 28 29 30 ,11.806665
353,2,30,14 23 ,11.806665
354,26,30,2 3 4 5 6 7 8 9 11 12 13 15 16 17 18 19 20 21 22 24 25 26 27 28 29 30 ,11.806665
355,19,30,1 3 4 5 7 8 9 12 15 16 17 18 19 23 24 25 27 28 29 ,11.806665
356,19,30,1 2 3 4 5 6 9 11 12 14 15 16 17 18 20 22 25 28 29 ,11.806665
357,18,30,2 4 5 6 7 8 9 12 13 14 15 17 21 22 23 25 29 30 ,11.806665
358,8,30,10 11 14 15 19 21 23 26 ,11.806665
359,24,30,1 3 4 5 6 7 8 9 12 13 14 15 16 17 18 20 21 22 23 24 26 27 29 30 ,11.806665
360,6,30,2 7 10 20 25 27 ,11.806665
361,12,30,3 4 5 9 11 13 14 15 19 22 27 30 ,11.806665
362,16,30,3 4 9 10 11 13 14 15 16 17 19 21 24 25 28 29 ,11.806665
363,28,30,1 2 3 4 5 6 7 8 9 10 11 12 13 14 15 16 17 18 19 20 21 22 23 24 25 27 28 29 ,11.806665
364,24,30,1 2 3 4 5 6 7 9 10 13 14 15 18 19 20 22 23 24 25 26 27 28 29 30 ,11.806665
365,20,30,1 2 3 5 6 7 9 10 12 14 15 18 19 20 21 22 23 27 28 30 ,11.806665
366,9,30,3 4 5 7 9 10 13 25 29 ,11.806665
367,7,30,6 8 9 10 13 15 16 ,11.806665
368,16,30,2 4 5 6 7 9 10 12 13 15 19 20 23 27 28 30 ,11.806665
369,30,30,1 2 3 4 5 6 7 8 9 10 11 12 13 14 15 16 17 18 19 20 21 22 23 24 25 26 27 28 29 30 ,11.806665
370,22,30,1 2 4 5 6 9 10 11 13 14 15 16 18 19 20 22 24 25 27 28 29 30 ,11.806665
371,12,30,1 2 3 8 10 12 13 14 16 19 20 27 ,11.867499
372,15,30,1 6 12 14 15 17 19 20 21 22 24 25 26 28 30 ,11.867499
373,20,30,2 3 5 8 9 10 15 16 17 18 19 20 21 24 25 26 27 28 29 30 ,11.867499
374,12,30,5 6 7 10 17 21 22 23 24 28 29 30 ,11.867499
375,27,30,1 3 4 5 6 7 8 9 10 11 12 13 14 16 17 19 20 21 22 23 24 25 26 27 28 29 30 ,11.867499
376,30,30,1 2 3 4 5 6 7 8 9 10 11 12 13 14 15 16 17 18 19 20 21 22 23 24 25 26 27 28 29 30 ,11.867499
377,17,30,2 3 6 9 10 11 13 15 16 18 19 22 24 25 26 27 28 ,11.867499
378,20,30,1 2 3 4 6 10 11 12 15 16 17 18 19 21 22 23 24 26 27 28 ,11.867499
379,12,30,2 3 5 7 9 14 16 19 23 26 28 29 ,11.867499
380,18,30,1 2 3 6 9 11 12 13 14 15 16 17 18 19 20 24 25 26 ,11.867499
381,28,30,1 2 3 4 5 6 7 8 9 10 11 12 13 14 15 16 17 18 19 21 22 24 25 26 27 28 29 30 ,11.867499
382,3,30,4 11 14 ,11.867499
383,18,30,1 2 3 4 6 7 9 10 11 12 13 16 22 24 26 27 29 30 ,11.867499
384,23,30,1 2 4 5 7 8 9 10 11 12 13 14 15 16 18 19 21 22 23 24 27 28 29 ,11.867499
385,7,30,5 7 13 15 16 22 25 ,11.867499
386,9,30,1 8 10 12 15 16 17 23 26 ,11.867499
387,19,30,2 4 5 6 7 9 10 12 14 16 18 20 21 22 24 25 26 27 29 ,11.867499
388,13,30,1 2 4 7 8 13 14 17 22 23 25 27 30 ,11.867499
389,25,30,1 2 3 6 7 9 10 11 12 13 14 16 17 18 19 20 21 22 23 24 25 27 28 29 30 ,11.867499
390,30,30,1 2 3 4 5 6 7 8 9 10 11 12 13 14 15 16 17 18 19 20 21 22 23 24 25 26 27 28 29 30 ,11.867499
391,21,30,1 3 4 5 6 10 11 12 13 14 15 16 18 20 21 23 24 26 28 29 30 ,11.867499
392,4,30,15 24 25 27 ,11.867499
393,14,30,2 3 5 7 8 9 10 13 17 18 19 20 24 30 ,11.867499
394,24,30,1 2 3 4 5 6 8 9 10 11 12 14 16 17 18 19 21 22 23 24 25 26 29 30 ,11.867499
395,19,30,3 4 5 7 9 10 13 14 15 16 19 20 22 23 25 26 28 29 30 ,11.867499
396,23,30,1 2 3 6 8 9 10 11 12 13 14 15 16 18 19 21 22 23 24 25 26 29 30 ,11.867499
397,23,30,1 4 6 7 8 9 10 11 12 13 14 16 17 19 20 22 23 24 25 26 27 28 30 ,11.867499
398,7,30,3 9 11 14 22 23 24 ,11.867499
399,12,30,1 7 8 10 11 16 18 21 22 23 27 30 ,11.867499
400,23,30,1 3 5 6 7 8 9 10 11 12 14 15 16 17 18 19 22 23 24 26 27 28 30 ,11.867499
401,27,30,1 2 3 4 5 6 7 8 10 11 12 13 14 15 16 17 18 19 20 21 22 23 24 25 27 28 30 ,11.867499
402,2,30,9 30 ,11.867499
403,18,30,2 3 4 6 7 10 11 14 15 17 18 19 22 25 27 28 29 30 ,11.867499
404,27,30,1 2 3 4 6 8 9 10 11 13 14 15 16 17 18 19 20 21 22 23 24 25 26 27 28 29 30 ,11.867499
405,27,30,1 2 3 4 5 6 7 8 9 10 11 12 13 14 15 16 17 18 19 20 21 22 23 25 26 29 30 ,11.867499
406,3,30,9 18 24 ,11.867499
407,12,30,1 8 9 12 15 16 17 19 21 23 24 28 ,11.867499
408,18,30,1 2 3 5 6 7 9 12 13 14 16 18 20 23 26 27 29 30 ,11.867499
409,9,30,2 5 8 11 14 19 20 21 29 ,11.867499
410,7,30,4 6 9 10 11 17 29 ,11.867499
411,18,30,2 3 4 5 6 7 8 11 12 13 15 16 17 18 20 22 24 30 ,11.867499
412,28,30,1 2 3 4 5 6 7 8 9 10 11 12 13 14 15 16 17 19 20 21 22 23 24 25 26 28 29 30 ,11.867499
413,28,30,1 2 3 4 5 6 7 8 9 10 11 12 13 14 15 17 18 19 20 21 22 23 24 25 27 28 29 30 ,11.867499
414,19,30,1 4 7 10 11 12 14 16 17 18 19 20 21 24 25 26 27 28 30 ,11.867499
415,26,30,1 2 3 4 5 6 7 9 10 11 12 13 14 15 16 17 18 19 20 21 24 25 26 27 29 30 ,11.867499
416,2,30,20 27 ,11.867499
417,16,30,2 3 4 5 9 13 14 16 17 19 22 24 25 27 28 29 ,11.867499
418,21,30,1 3 4 5 6 9 10 14 15 16 17 18 19 20 21 22 23 24 25 26 30 ,11.867499
419,5,30,4 6 11 21 29 ,11.867499
420,29,30,1 2 3 4 5 6 7 8 9 10 11 12 13 14 16 17 18 19 20 21 22 23 24 25 26 27 28 29 30 ,11.867499
421,9,30,3 6 7 8 13 18 24 29 30 ,11.867499
422,28,30,1 2 3 4 5 6 7 8 9 11 12 13 14 15 16 17 18 19 20 21 23 24 25 26 27 28 29 30 ,11.867499
423,12,30,3 6 7 9 10 11 12 13 17 24 29 30 ,11.867499
424,25,30,2 3 4 5 6 7 8 10 11 13 15 17 18 19 20 21 22 23 24 25 26 27 28 29 30 ,11.867499
425,3,30,16 20 28 ,11.867499
426,15,30,2 7 9 10 11 13 14 15 17 20 21 23 26 29 30 ,11.867499
427,10,30,4 6 9 10 13 16 19 22 23 29 ,11.867499
428,5,30,3 6 15 27 29 ,11.867499
429,11,30,3 5 6 8 12 13 20 24 25 26 28 ,11.867499
430,8,30,1 2 8 9 17 27 28 30 ,11.867499
431,7,30,3 10 12 14 21 24 30 ,11.867499
432,9,30,3 6 7 13 16 22 27 29 30 ,11.867499
433,8,30,2 4 6 7 8 9 17 25 ,11.867499
434,25,30,1 2 3 4 5 6 7 9 10 11 12 13 14 15 16 17 18 19 21 22 23 25 27 29 30 ,11.867499
435,26,30,1 3 4 5 6 7 8 9 10 11 12 13 14 15 16 17 18 19 20 21 22 24 26 27 28 29 ,11.867499
436,9,30,3 6 12 15 16 17 18 20 25 ,11.867499
437,22,30,1 2 3 4 5 6 7 8 10 12 13 14 15 16 18 19 22 23 24 28 29 30 ,11.867499
438,22,30,1 2 3 4 5 6 7 8 10 13 14 15 17 18 19 20 21 22 23 26 27 28 ,11.867499
439,3,30,18 23 28 ,11.867499
440,9,30,2 4 6 15 17 19 23 28 29 ,11.867499
441,18,30,1 3 4 5 6 9 10 11 13 14 17 19 20 21 22 23 25 29 ,11.867499
442,2,30,20 27 ,11.867499
443,7,30,1 9 17 23 27 28 30 ,11.867499
444,13,30,1 5 9 10 13 15 16 18 19 20 23 24 30 ,11.867499
445,30,30,1 2 3 4 5 6 7 8 9 10 11 12 13 14 15 16 17 18 19 20 21 22 23 24 25 26 27 28 29 30 ,11.867499
446,22,30,2 3 4 7 8 9 11 12 14 15 16 17 18 19 20 22 23 24 26 27 28 29 ,11.867499
447,7,30,1 3 4 10 12 15 27 ,11.867499
448,25,30,1 3 5 6 7 8 10 11 12 13 14 15 17 18 19 20 21 22 23 24 25 26 27 28 30 ,11.867499
449,12,30,3 5 8 10 12 13 19 21 23 24 28 30 ,11.867499
450,5,30,17 22 23 28 30 ,11.867499
451,29,30,1 2 3 4 5 7 8 9 10 11 12 13 14 15 16 17 18 19 20 21 22 23 24 25 26 27 28 29 30 ,11.867499
452,15,30,1 4 11 14 15 16 17 18 19 21 22 23 24 27 29 ,11.867499
453,3,30,3 16 22 ,11.867499
454,7,30,2 3 8 20 22 23 28 ,11.867499
455,11,30,2 9 12 13 17 18 22 26 27 28 29 ,11.867499
456,11,30,1 4 9 10 13 18 19 22 23 29 30 ,11.867499
457,18,30,1 2 3 4 6 8 9 13 14 15 21 23 24 25 26 27 28 29 ,11.867499
458,17,30,1 4 5 7 9 11 12 14 16 19 22 23 24 25 26 28 29 ,11.867499
459,29,30,1 2 3 4 5 6 8 9 10 11 12 13 14 15 16 17 18 19 20 21 22 23 24 25 26 27 28 29 30 ,11.867499
460,22,30,1 3 5 6 7 8 9 12 13 14 15 16 17 20 22 24 25 26 27 28 29 30 ,11.867499
461,10,30,2 4 10 13 14 18 22 23 25 28 ,11.867499
462,17,30,2 3 5 7 8 11 13 14 17 18 19 21 22 23 26 27 29 ,11.867499
463,20,30,1 2 3 4 5 6 11 14 15 17 18 19 20 22 23 24 25 26 29 30 ,11.867499
464,16,30,1 5 7 8 10 11 13 16 17 20 21 23 24 28 29 30 ,11.867499
465,2,30,25 29 ,11.867499
466,6,30,4 9 12 24 28 30 ,11.867499
467,15,30,1 2 3 6 9 11 16 18 19 22 23 24 27 28 30 ,11.867499
468,29,30,1 2 3 4 5 7 8 9 10 11 12 13 14 15 16 17 18 19 20 21 22 23 24 25 26 27 28 29 30 ,11.867499
469,11,30,3 4 6 7 15 16 18 22 24 29 30 ,11.867499
470,13,30,5 6 7 8 14 16 18 19 21 22 25 26 30 ,11.867499
471,18,30,2 3 4 11 12 13 14 15 16 17 20 22 23 25 26 27 29 30 ,11.867499
472,29,30,1 2 3 4 5 6 7 8 9 10 11 12 13 14 15 17 18 19 20 21 22 23 24 25 26 27 28 29 30 ,11.867499
473,11,30,3 6 7 8 11 15 17 22 24 27 29 ,11.867499
474,8,30,7 8 10 11 16 22 26 30 ,11.867499
475,21,30,1 2 6 7 8 10 12 15 16 17 18 19 20 21 22 24 25 27 28 29 30 ,11.867499
476,19,30,1 2 3 4 5 6 7 8 9 10 12 14 15 17 18 22 25 27 29 ,11.867499
477,21,30,1 2 3 4 6 8 9 11 12 15 16 19 20 21 22 23 25 26 27 28 30 ,11.867499
478,10,30,6 9 12 13 14 22 23 25 27 30 ,11.867499
479,4,30,8 9 15 19 ,11.867499
480,26,30,1 2 3 4 5 6 7 8 9 10 11 13 14 15 17 18 20 21 22 23 25 26 27 28 29 30 ,11.867499
481,27,30,1 2 3 5 6 8 9 10 12 13 14 15 16 17 18 19 20 21 22 23 24 25 26 27 28 29 30 ,11.867499
482,15,30,4 5 7 8 10 11 12 14 17 20 21 22 23 26 30 ,11.867499
483,2,30,9 17 ,11.867499
484,17,30,2 4 6 8 9 10 13 14 17 18 19 21 22 23 24 29 30 ,11.867499
485,7,30,1 6 14 16 19 24 26 ,11.867499
486,10,30,2 4 6 13 15 19 20 27 29 30 ,11.867499
487,26,30,1 2 3 4 5 7 8 9 10 11 12 13 14 15 16 17 18 19 20 21 22 23 24 26 28 29 ,11.867499
488,22,30,1 2 3 5 7 8 9 10 11 12 13 14 15 16 17 18 19 23 24 25 26 29 ,11.867499
489,13,30,1 3 6 8 14 15 17 20 22 23 24 26 30 ,11.867499
490,16,30,1 2 4 5 6 7 9 10 14 16 18 19 23 26 27 29 ,11.867499
491,8,30,6 8 9 10 11 16 20 23 ,11.867499
492,9,30,2 9 11 14 16 18 20 25 30 ,11.867499
493,19,30,1 3 4 6 9 10 11 12 14 15 16 17 18 21 23 24 26 27 28 ,11.867499
494,28,30,1 2 3 4 5 7 8 9 10 11 12 13 14 15 16 17 18 19 20 21 22 23 24 25 26 28 29 30 ,11.867499
495,26,30,1 2 3 4 5 6 7 8 9 10 11 13 14 16 17 18 19 21 22 23 24 25 26 27 28 30 ,11.867499
496,25,30,2 3 4 5 6 8 10 11 12 13 14 15 16 17 18 19 20 22 23 24 25 26 27 28 29 ,11.867499
497,24,30,1 4 5 6 7 8 11 12 13 14 17 18 19 20 21 22 23 24 25 26 27 28 29 30 ,11.867499
498,2,30,2 7 ,11.867499
499,22,30,1 2 3 4 5 8 9 11 12 13 14 15 16 17 18 20 21 22 23 24 26 28 ,11.867499
500,22,30,1 3 4 5 7 9 10 11 12 14 15 16 17 18 20 22 24 25 26 27 28 30 ,11.867499
RELATORIO DA EXPERIENCIA:
MELHOR RESULTADO: 11.867499, COM 10 NUMEROS
POSTOS DA MELHOR SOLUÇÃO: 1,2,4,6,8,15,17,19,21,24,