ITERAÇÃO,NR PONTOS SELECIONADOS,TOTAL PONTOS,LISTA DE PONTOS,RESULTADO
1,18,25,1 2 3 6 7 8 9 11 12 13 15 16 17 18 19 20 21 24 ,-8.132218
2,19,25,1 4 5 7 8 9 10 11 12 13 14 15 16 17 18 19 21 24 25 ,-1.413686
3,10,25,2 3 5 6 8 12 16 19 20 25 ,-1.413686
4,10,25,1 2 4 6 8 11 19 22 23 24 ,-0.116667
5,8,25,2 3 8 9 13 16 19 25 ,-0.116667
6,10,25,1 5 14 15 16 18 20 21 23 24 ,1.388572
7,17,25,1 2 3 5 7 9 12 13 15 16 17 18 21 22 23 24 25 ,1.388572
8,20,25,1 2 3 5 6 7 8 9 11 12 13 15 16 18 19 20 21 23 24 25 ,8.158182
9,10,25,1 4 6 10 11 12 15 16 20 21 ,8.158182
10,24,25,1 3 4 5 6 7 8 9 10 11 12 13 14 15 16 17 18 19 20 21 22 23 24 25 ,8.158182
11,12,25,1 6 8 9 12 17 19 20 21 22 23 25 ,8.158182
12,8,25,2 4 10 12 14 15 24 25 ,8.158182
13,24,25,1 2 3 4 5 6 7 8 9 10 11 12 13 14 15 16 17 18 19 20 21 22 23 24 ,8.158182
14,15,25,3 6 7 9 11 13 14 16 17 18 20 21 22 23 25 ,8.158182
15,2,25,8 17 ,8.158182
16,17,25,2 3 4 5 6 9 11 12 13 14 16 18 19 20 23 24 25 ,8.158182
17,9,25,3 4 5 6 7 9 13 16 17 ,8.158182
18,16,25,1 4 5 6 9 11 12 13 14 16 17 18 21 22 24 25 ,8.158182
19,15,25,5 6 7 8 10 11 12 13 15 16 17 18 20 21 22 ,8.158182
20,16,25,4 5 6 7 8 10 13 14 15 17 18 19 20 22 24 25 ,8.158182
21,7,25,1 3 5 9 10 13 16 ,8.158182
22,24,25,1 2 3 4 5 6 7 8 9 10 11 12 13 14 15 16 18 19 20 21 22 23 24 25 ,8.158182
23,13,25,5 8 9 10 11 12 14 18 19 21 22 23 24 ,8.158182
24,19,25,2 4 5 7 8 9 10 11 12 13 14 15 16 19 20 22 23 24 25 ,8.158182
25,12,25,1 3 4 5 8 14 15 18 21 23 24 25 ,8.158182
26,19,25,1 3 6 8 10 11 12 13 14 15 16 17 18 20 21 22 23 24 25 ,8.158182
27,18,25,1 3 4 5 6 7 8 10 14 16 17 18 19 20 21 23 24 25 ,8.158182
28,6,25,6 7 9 11 12 20 ,8.158182
29,21,25,1 3 4 5 6 7 9 10 12 13 14 15 16 17 18 19 21 22 23 24 25 ,8.158182
30,25,25,1 2 3 4 5 6 7 8 9 10 11 12 13 14 15 16 17 18 19 20 21 22 23 24 25 ,8.158182
31,15,25,1 5 7 8 9 11 14 15 16 17 18 19 22 23 24 ,8.158182
32,14,25,3 5 6 9 14 15 16 18 19 20 21 23 24 25 ,8.158182
33,10,25,1 2 7 12 13 15 16 20 22 23 ,8.158182
34,23,25,1 2 3 4 5 6 7 8 9 10 11 12 13 14 15 16 17 18 19 20 22 24 25 ,8.158182
35,12,25,2 4 5 7 11 12 14 15 16 20 24 25 ,8.158182
36,9,25,2 5 10 12 16 17 20 22 25 ,8.158182
37,3,25,4 10 13 ,8.158182
38,10,25,1 2 4 8 13 15 18 21 24 25 ,8.158182
39,2,25,23 25 ,8.158182
40,11,25,2 6 8 9 10 11 13 14 17 20 22 ,8.158182
41,13,25,3 4 5 7 8 9 10 12 16 19 20 23 24 ,8.158182
42,10,25,1 3 8 10 15 18 21 22 23 24 ,8.158182
43,11,25,2 4 6 10 17 20 21 22 23 24 25 ,8.158182
44,6,25,1 3 14 21 22 23 ,8.158182
45,12,25,2 3 7 8 11 12 14 15 16 17 21 23 ,8.158182
46,12,25,1 2 7 9 10 11 16 18 19 20 22 25 ,8.158182
47,25,25,1 2 3 4 5 6 7 8 9 10 11 12 13 14 15 16 17 18 19 20 21 22 23 24 25 ,8.158182
48,9,25,3 8 9 10 16 18 19 21 22 ,8.158182
49,15,25,2 4 6 8 11 12 13 16 18 20 21 22 23 24 25 ,8.158182
50,15,25,2 7 8 9 10 11 15 16 17 19 20 21 23 24 25 ,8.158182
51,18,25,1 2 3 5 6 7 9 10 12 13 14 15 16 17 19 22 24 25 ,8.158182
52,3,25,8 13 25 ,8.158182
53,13,25,1 3 5 6 7 8 11 14 16 19 23 24 25 ,8.158182
54,17,25,2 3 6 7 8 9 12 13 14 15 17 18 19 21 22 23 25 ,8.158182
55,23,25,1 2 3 4 5 6 8 9 11 12 13 14 15 16 17 18 19 20 21 22 23 24 25 ,8.158182
56,16,25,1 2 3 5 6 8 12 14 15 16 17 20 22 23 24 25 ,8.158182
57,3,25,1 2 8 ,8.158182
58,10,25,1 2 3 7 19 20 21 23 24 25 ,8.158182
59,2,25,7 23 ,8.158182
60,18,25,1 2 3 4 5 6 7 9 11 12 13 16 18 20 21 22 23 25 ,8.158182
61,14,25,1 2 4 6 11 12 13 14 15 17 18 19 21 24 ,8.158182
62,25,25,1 2 3 4 5 6 7 8 9 10 11 12 13 14 15 16 17 18 19 20 21 22 23 24 25 ,8.158182
63,14,25,2 5 6 11 12 13 14 15 17 18 19 20 21 25 ,8.158182
64,13,25,2 3 4 7 11 12 15 16 18 20 22 23 24 ,8.158182
65,15,25,1 3 4 6 7 9 11 13 15 18 19 21 22 23 24 ,8.158182
66,25,25,1 2 3 4 5 6 7 8 9 10 11 12 13 14 15 16 17 18 19 20 21 22 23 24 25 ,8.158182
67,22,25,1 2 3 4 5 7 8 10 11 12 14 15 16 17 18 19 20 21 22 23 24 25 ,8.158182
68,17,25,1 2 4 5 6 7 8 11 13 14 16 18 19 21 22 24 25 ,8.158182
69,2,25,9 11 ,8.158182
70,20,25,2 3 4 5 6 8 10 11 12 13 15 16 17 18 19 20 21 23 24 25 ,8.158182
71,19,25,2 3 4 5 8 9 10 11 12 13 14 15 16 17 21 22 23 24 25 ,8.158182
72,19,25,2 3 4 5 6 8 12 13 14 15 16 17 18 19 21 22 23 24 25 ,8.158182
73,7,25,7 9 16 17 18 20 25 ,8.158182
74,19,25,1 2 4 5 6 7 8 9 10 13 14 15 16 17 18 20 21 22 24 ,8.158182
75,24,25,1 2 3 4 5 6 7 8 9 10 11 12 13 14 15 16 17 18 20 21 22 23 24 25 ,8.158182
76,10,25,2 4 5 7 8 11 14 19 20 21 ,8.158182
77,23,25,1 2 4 5 6 7 8 9 10 11 12 13 14 16 17 18 19 20 21 22 23 24 25 ,8.158182
78,21,25,1 2 3 4 5 6 7 9 10 11 12 14 15 17 18 19 20 22 23 24 25 ,8.158182
79,9,25,1 6 7 13 15 16 17 18 24 ,8.158182
80,8,25,2 3 4 11 13 18 20 22 ,8.158182
81,24,25,1 3 4 5 6 7 8 9 10 11 12 13 14 15 16 17 18 19 20 21 22 23 24 25 ,9.712857
82,11,25,1 4 5 9 11 12 16 17 19 20 21 ,9.712857
83,11,25,3 4 5 6 9 10 11 12 16 17 24 ,9.712857
84,2,25,8 13 ,9.712857
85,15,25,2 4 5 8 9 10 12 14 15 16 19 20 22 23 25 ,9.712857
86,9,25,6 10 14 16 18 19 21 24 25 ,9.712857
87,13,25,2 5 6 7 8 9 10 16 17 18 19 20 24 ,9.712857
88,25,25,1 2 3 4 5 6 7 8 9 10 11 12 13 14 15 16 17 18 19 20 21 22 23 24 25 ,9.712857
89,10,25,4 5 8 9 11 13 14 20 21 25 ,9.712857
90,15,25,1 3 4 5 7 8 10 12 13 16 17 18 19 20 22 ,9.712857
91,5,25,4 15 17 18 21 ,9.712857
92,3,25,18 22 23 ,10.153335
93,5,25,12 15 21 22 23 ,10.153335
94,21,25,1 3 4 5 6 8 9 10 11 12 13 14 15 16 18 19 20 22 23 24 25 ,10.153335
95,24,25,1 2 3 4 5 6 7 8 9 10 11 13 14 15 16 17 18 19 20 21 22 23 24 25 ,10.153335
96,9,25,2 7 13 17 18 21 23 24 25 ,10.153335
97,24,25,1 2 3 4 5 6 7 8 9 10 11 12 13 14 15 16 17 18 19 20 21 22 23 24 ,10.153335
98,6,25,1 8 14 16 17 22 ,10.153335
99,23,25,1 2 4 5 6 7 8 9 10 11 12 13 14 15 16 17 18 19 20 21 22 24 25 ,10.153335
100,10,25,1 2 3 4 6 7 11 15 16 17 ,10.153335
101,20,25,1 4 6 7 8 9 10 11 12 13 15 16 17 18 19 20 21 22 23 25 ,10.153335
102,10,25,1 8 10 11 12 13 14 19 23 25 ,10.153335
103,25,25,1 2 3 4 5 6 7 8 9 10 11 12 13 14 15 16 17 18 19 20 21 22 23 24 25 ,10.153335
104,8,25,4 8 10 11 13 21 22 24 ,10.153335
105,11,25,2 3 4 6 7 9 10 17 18 20 21 ,10.153335
106,24,25,1 2 3 4 5 6 8 9 10 11 12 13 14 15 16 17 18 19 20 21 22 23 24 25 ,10.153335
107,11,25,3 7 8 9 13 14 15 16 23 24 25 ,10.153335
108,7,25,11 15 16 17 21 23 24 ,10.153335
109,21,25,1 2 4 5 6 7 8 9 10 11 12 13 14 16 17 18 20 21 23 24 25 ,10.153335
110,20,25,2 3 4 5 6 7 8 9 10 11 12 14 15 16 18 19 20 21 22 24 ,10.153335
111,21,25,1 2 3 4 6 8 9 11 12 13 14 15 17 18 19 20 21 22 23 24 25 ,10.153335
112,11,25,1 2 3 6 8 9 11 12 14 17 25 ,10.153335
113,4,25,1 12 19 22 ,10.153335
114,12,25,2 3 4 7 8 9 12 14 16 18 20 23 ,10.153335
115,25,25,1 2 3 4 5 6 7 8 9 10 11 12 13 14 15 16 17 18 19 20 21 22 23 24 25 ,10.153335
116,2,25,9 14 ,10.153335
117,9,25,5 6 10 11 14 16 20 21 23 ,10.153335
118,9,25,4 9 12 14 16 19 23 24 25 ,10.153335
119,24,25,1 2 3 4 5 6 7 8 9 10 11 12 13 14 16 17 18 19 20 21 22 23 24 25 ,10.153335
120,24,25,1 2 3 4 5 6 7 8 10 11 12 13 14 15 16 17 18 19 20 21 22 23 24 25 ,10.153335
121,6,25,1 11 14 16 21 25 ,10.153335
122,6,25,2 3 5 11 18 22 ,10.153335
123,14,25,3 4 7 8 10 11 12 16 18 19 20 21 23 25 ,10.153335
124,13,25,2 3 4 6 10 14 15 17 18 20 23 24 25 ,10.153335
125,22,25,1 2 3 5 7 8 9 10 11 12 13 14 15 16 17 18 19 21 22 23 24 25 ,10.153335
126,19,25,1 2 3 4 6 7 8 9 10 14 15 17 18 19 21 22 23 24 25 ,10.153335
127,7,25,5 12 17 18 19 21 23 ,10.153335
128,22,25,1 2 3 5 6 7 8 9 10 11 12 13 14 15 16 17 18 20 21 22 23 24 ,10.153335
129,24,25,1 2 3 4 5 6 8 9 10 11 12 13 14 15 16 17 18 19 20 21 22 23 24 25 ,10.153335
130,25,25,1 2 3 4 5 6 7 8 9 10 11 12 13 14 15 16 17 18 19 20 21 22 23 24 25 ,10.153335
131,4,25,1 6 21 24 ,10.153335
132,25,25,1 2 3 4 5 6 7 8 9 10 11 12 13 14 15 16 17 18 19 20 21 22 23 24 25 ,10.153335
133,12,25,1 2 4 10 13 15 16 18 19 20 21 24 ,10.153335
134,12,25,1 2 5 6 9 11 17 18 21 23 24 25 ,10.153335
135,17,25,1 2 3 5 6 8 9 10 12 13 15 17 19 21 23 24 25 ,10.153335
136,2,25,14 23 ,10.153335
137,6,25,1 6 7 13 24 25 ,10.153335
138,11,25,2 7 9 11 12 14 17 18 19 20 23 ,10.153335
139,22,25,1 2 3 4 5 6 7 8 9 10 11 12 13 14 15 16 19 20 21 22 24 25 ,10.153335
140,12,25,1 2 8 10 13 15 16 17 20 22 23 24 ,10.153335
141,14,25,6 7 8 9 10 12 14 18 20 21 22 23 24 25 ,10.153335
142,8,25,3 4 5 10 11 16 19 20 ,10.153335
143,2,25,19 21 ,10.153335
144,20,25,1 2 3 4 5 6 7 9 10 11 12 13 14 15 16 18 19 20 21 22 ,10.153335
145,6,25,1 3 11 13 18 23 ,10.153335
146,19,25,1 3 4 5 7 8 9 12 14 15 16 17 18 20 21 22 23 24 25 ,10.153335
147,6,25,5 9 11 12 16 17 ,10.153335
148,14,25,1 2 6 10 11 12 13 14 16 17 18 19 21 22 ,10.153335
149,19,25,2 4 5 6 8 9 10 11 12 13 14 15 17 18 19 21 22 23 24 ,10.153335
150,24,25,1 2 3 4 5 7 8 9 10 11 12 13 14 15 16 17 18 19 20 21 22 23 24 25 ,10.153335
151,17,25,1 2 3 4 5 7 8 9 10 11 12 13 15 18 19 20 23 ,10.153335
152,10,25,1 2 3 7 8 9 10 12 13 20 ,10.153335
153,13,25,1 2 3 4 5 7 9 10 11 14 16 22 24 ,10.153335
154,10,25,2 4 6 7 11 13 15 16 17 22 ,10.153335
155,15,25,2 3 7 11 13 14 15 16 19 20 21 22 23 24 25 ,10.153335
156,18,25,1 2 3 4 5 6 9 12 14 15 18 19 20 21 22 23 24 25 ,10.153335
157,13,25,1 3 4 7 8 9 11 12 14 15 17 22 24 ,10.153335
158,6,25,1 2 4 6 9 20 ,10.153335
159,3,25,1 10 22 ,10.153335
160,12,25,2 4 7 10 11 12 13 16 17 21 22 23 ,10.153335
161,10,25,1 3 5 11 13 14 22 23 24 25 ,10.153335
162,21,25,1 2 3 6 7 8 10 11 13 14 15 16 17 18 19 20 21 22 23 24 25 ,10.153335
163,18,25,1 2 3 4 5 6 8 9 11 14 16 17 18 19 20 23 24 25 ,10.153335
164,5,25,6 12 14 19 21 ,10.153335
165,20,25,1 2 3 4 6 7 8 10 11 12 13 14 15 16 17 18 20 22 23 24 ,10.153335
166,15,25,1 2 3 4 5 9 10 11 13 14 18 20 21 22 23 ,10.153335
167,20,25,1 2 3 4 5 6 7 9 11 13 15 16 18 19 20 21 22 23 24 25 ,10.153335
168,4,25,1 3 14 16 ,10.153335
169,7,25,7 9 11 12 18 19 20 ,10.153335
170,15,25,2 3 6 7 8 11 13 15 17 18 19 20 22 23 24 ,10.153335
171,20,25,1 2 3 4 5 6 7 8 9 11 12 14 16 17 19 20 21 22 24 25 ,10.153335
172,2,25,2 14 ,10.153335
173,19,25,1 4 5 6 7 8 9 10 11 12 13 14 16 17 19 21 22 23 24 ,10.153335
174,25,25,1 2 3 4 5 6 7 8 9 10 11 12 13 14 15 16 17 18 19 20 21 22 23 24 25 ,10.153335
175,23,25,1 2 3 4 6 7 8 9 10 11 12 13 14 15 16 17 18 19 20 21 22 23 24 ,10.153335
176,18,25,1 2 3 4 6 9 10 11 12 14 15 16 18 20 21 22 23 25 ,10.153335
177,14,25,1 5 7 8 11 12 13 15 16 17 18 19 21 24 ,10.153335
178,25,25,1 2 3 4 5 6 7 8 9 10 11 12 13 14 15 16 17 18 19 20 21 22 23 24 25 ,10.153335
179,12,25,1 3 4 6 8 9 12 14 18 22 23 24 ,10.153335
180,9,25,1 10 12 16 18 19 23 24 25 ,10.153335
181,12,25,3 4 5 6 7 8 16 18 20 22 23 24 ,10.153335
182,12,25,3 6 9 11 14 15 17 18 19 20 23 24 ,10.153335
183,12,25,3 4 5 8 11 13 14 17 20 22 23 25 ,10.153335
184,9,25,2 6 7 9 11 16 18 20 22 ,10.153335
185,8,25,3 4 6 10 12 17 18 20 ,10.153335
186,21,25,1 2 3 4 5 7 8 9 11 12 13 14 15 16 17 18 20 21 22 24 25 ,10.153335
187,14,25,3 5 6 8 10 11 12 13 14 18 20 22 24 25 ,10.153335
188,25,25,1 2 3 4 5 6 7 8 9 10 11 12 13 14 15 16 17 18 19 20 21 22 23 24 25 ,10.153335
189,2,25,24 25 ,10.153335
190,13,25,1 3 5 8 10 12 13 16 18 19 21 22 24 ,10.153335
191,8,25,2 7 11 12 15 19 20 23 ,10.153335
192,2,25,9 20 ,10.153335
193,3,25,12 21 23 ,10.153335
194,10,25,2 5 10 12 14 17 18 19 24 25 ,10.153335
195,18,25,1 2 4 6 8 9 10 11 12 13 16 18 19 20 21 22 24 25 ,10.153335
196,4,25,1 9 15 21 ,10.153335
197,19,25,2 4 5 7 8 9 10 11 12 13 14 15 16 17 18 19 21 22 24 ,10.153335
198,2,25,14 21 ,10.153335
199,7,25,3 5 11 14 15 17 18 ,10.153335
200,8,25,3 5 9 10 12 14 24 25 ,10.153335
201,7,25,1 3 6 10 14 20 21 ,10.153335
202,6,25,5 8 11 13 14 23 ,10.153335
203,17,25,2 3 6 9 10 11 12 13 14 15 16 18 21 22 23 24 25 ,10.153335
204,14,25,1 3 4 5 7 8 10 11 17 18 19 21 22 24 ,10.153335
205,9,25,8 9 10 12 14 16 19 20 25 ,10.153335
206,24,25,1 2 4 5 6 7 8 9 10 11 12 13 14 15 16 17 18 19 20 21 22 23 24 25 ,10.153335
207,24,25,1 2 3 4 5 6 7 8 9 11 12 13 14 15 16 17 18 19 20 21 22 23 24 25 ,10.153335
208,19,25,1 2 4 5 6 7 8 9 10 14 17 18 19 20 21 22 23 24 25 ,10.153335
209,5,25,1 2 3 10 25 ,10.153335
210,22,25,1 2 3 4 5 6 7 8 9 10 11 12 13 14 16 17 18 19 20 22 24 25 ,10.153335
211,10,25,3 4 6 7 11 14 16 19 23 25 ,10.153335
212,9,25,2 5 8 10 12 14 16 18 23 ,10.153335
213,13,25,3 6 8 9 11 16 18 20 21 22 23 24 25 ,10.153335
214,18,25,2 4 5 7 8 9 10 11 12 13 15 16 18 19 22 23 24 25 ,10.153335
215,15,25,1 2 5 6 7 8 11 13 14 15 17 19 20 23 25 ,10.153335
216,19,25,1 2 3 5 7 9 10 11 12 14 15 16 18 19 20 21 23 24 25 ,10.153335
217,19,25,1 2 3 4 5 6 7 8 9 11 12 14 15 16 17 18 20 22 24 ,10.153335
218,24,25,1 2 3 4 5 6 7 8 9 10 11 12 13 14 15 17 18 19 20 21 22 23 24 25 ,10.153335
219,21,25,2 3 4 5 6 8 9 10 11 13 14 15 16 17 18 19 21 22 23 24 25 ,10.153335
220,6,25,4 9 12 13 18 21 ,10.775001
221,9,25,8 9 10 15 16 17 18 23 24 ,10.775001
222,12,25,1 5 8 9 10 11 14 15 19 20 21 23 ,10.775001
223,9,25,3 4 5 6 11 14 21 23 25 ,10.775001
224,8,25,1 2 3 5 14 15 23 25 ,10.775001
225,16,25,1 3 4 5 7 9 14 15 16 19 20 21 22 23 24 25 ,10.775001
226,19,25,1 2 3 4 5 6 8 9 10 11 12 14 16 17 19 20 21 24 25 ,10.775001
227,17,25,1 2 3 5 6 8 10 11 12 13 14 15 16 18 19 20 25 ,10.775001
228,8,25,6 7 11 17 18 21 24 25 ,10.775001
229,10,25,3 5 8 10 13 15 17 18 20 23 ,10.775001
230,4,25,1 11 16 17 ,10.775001
231,23,25,1 2 3 4 5 6 7 8 9 10 11 13 14 15 17 18 19 20 21 22 23 24 25 ,10.775001
232,4,25,12 16 20 25 ,10.775001
233,20,25,2 3 5 6 7 8 9 10 11 12 14 15 16 17 19 20 21 22 23 24 ,10.775001
234,5,25,7 8 9 11 21 ,10.775001
235,24,25,1 2 3 4 5 6 7 8 9 10 11 12 13 14 15 16 17 18 19 20 21 22 24 25 ,10.775001
236,3,25,8 9 19 ,10.775001
237,4,25,2 12 21 25 ,10.775001
238,21,25,1 3 5 6 7 8 9 10 12 13 15 16 17 18 19 20 21 22 23 24 25 ,10.775001
239,10,25,3 6 8 10 15 17 18 19 22 23 ,10.775001
240,8,25,2 8 11 14 18 21 22 24 ,10.775001
241,9,25,1 4 6 12 13 14 15 18 23 ,10.775001
242,8,25,1 3 9 10 11 12 23 24 ,10.775001
243,23,25,1 2 3 5 6 7 8 9 10 11 12 13 14 16 17 18 19 20 21 22 23 24 25 ,10.775001
244,11,25,2 6 7 8 9 10 11 14 18 22 23 ,10.775001
245,12,25,2 5 8 9 12 14 15 16 17 20 21 25 ,10.775001
246,22,25,1 2 3 4 5 6 7 8 9 10 12 13 14 15 16 17 18 19 21 22 23 25 ,10.775001
247,8,25,1 2 6 8 9 10 11 23 ,10.775001
248,10,25,4 5 7 8 9 11 14 17 20 24 ,10.775001
249,12,25,2 3 7 8 11 15 16 17 18 22 24 25 ,10.775001
250,25,25,1 2 3 4 5 6 7 8 9 10 11 12 13 14 15 16 17 18 19 20 21 22 23 24 25 ,10.775001
251,2,25,5 9 ,10.775001
252,9,25,3 7 8 9 12 15 20 22 25 ,10.775001
253,23,25,1 2 3 5 6 7 8 9 10 11 12 13 14 16 17 18 19 20 21 22 23 24 25 ,10.775001
254,13,25,3 4 5 6 7 8 10 15 16 17 22 23 24 ,10.775001
255,7,25,2 11 14 15 17 22 24 ,10.775001
256,17,25,1 4 7 8 9 10 11 12 14 16 17 18 20 21 22 24 25 ,10.775001
257,7,25,6 9 12 13 19 20 23 ,10.775001
258,14,25,3 5 6 8 9 10 11 12 15 16 17 18 20 25 ,10.775001
259,25,25,1 2 3 4 5 6 7 8 9 10 11 12 13 14 15 16 17 18 19 20 21 22 23 24 25 ,10.775001
260,5,25,5 11 18 22 24 ,10.775001
261,18,25,1 3 5 6 7 8 9 14 15 16 17 19 20 21 22 23 24 25 ,10.775001
262,12,25,3 4 5 6 7 10 13 14 16 19 24 25 ,10.775001
263,5,25,1 4 6 9 17 ,10.775001
264,25,25,1 2 3 4 5 6 7 8 9 10 11 12 13 14 15 16 17 18 19 20 21 22 23 24 25 ,10.775001
265,7,25,6 8 10 14 15 18 24 ,10.775001
266,5,25,1 5 9 14 19 ,10.775001
267,2,25,17 25 ,10.775001
268,18,25,2 5 6 7 9 12 13 14 15 17 18 19 20 21 22 23 24 25 ,10.775001
269,17,25,2 3 4 5 6 7 8 11 12 15 16 17 18 20 22 23 24 ,10.775001
270,20,25,3 4 5 7 8 10 11 12 13 14 16 17 18 19 20 21 22 23 24 25 ,10.775001
271,24,25,1 2 3 4 5 6 7 8 9 10 11 12 13 14 15 16 18 19 20 21 22 23 24 25 ,10.775001
272,10,25,1 2 4 5 8 11 14 15 17 25 ,10.775001
273,17,25,1 3 4 6 7 8 10 12 13 16 17 18 19 20 22 23 24 ,10.775001
274,11,25,5 6 9 12 14 17 18 19 22 23 25 ,10.775001
275,18,25,1 2 3 4 5 6 7 8 9 10 12 13 15 17 22 23 24 25 ,10.775001
276,10,25,1 2 4 5 8 9 13 18 19 23 ,10.775001
277,9,25,2 7 11 13 14 16 20 21 25 ,10.775001
278,15,25,2 3 4 5 6 7 8 9 13 14 16 18 22 23 25 ,10.775001
279,9,25,3 5 7 8 10 15 18 22 25 ,10.775001
280,17,25,2 3 7 8 9 10 11 12 14 15 18 20 21 22 23 24 25 ,10.775001
281,3,25,13 16 17 ,10.775001
282,22,25,1 2 3 4 5 6 8 9 10 11 12 13 15 16 17 18 19 20 21 22 24 25 ,10.775001
283,3,25,3 20 25 ,10.775001
284,14,25,1 4 6 7 8 9 10 11 13 14 20 22 23 24 ,10.775001
285,15,25,1 5 6 7 8 11 12 14 17 18 19 20 23 24 25 ,10.775001
286,9,25,4 6 10 11 13 17 20 21 22 ,10.775001
287,18,25,1 3 4 6 8 9 11 12 13 15 17 18 19 20 22 23 24 25 ,10.775001
288,19,25,1 2 4 7 8 9 10 11 12 14 15 16 17 19 20 21 22 23 25 ,10.775001
289,11,25,2 4 6 9 10 16 17 18 19 21 22 ,10.775001
290,14,25,1 2 5 6 7 8 9 10 11 14 15 17 18 19 ,10.775001
291,23,25,1 2 3 4 5 8 9 10 11 12 13 14 15 16 17 18 19 20 21 22 23 24 25 ,10.775001
292,21,25,1 2 3 5 7 8 9 12 13 14 15 16 17 18 19 20 21 22 23 24 25 ,10.775001
293,3,25,8 11 25 ,10.775001
294,14,25,4 5 6 7 12 14 16 17 18 19 20 22 23 25 ,10.775001
295,18,25,2 3 4 6 7 8 12 13 15 16 17 18 19 20 21 23 24 25 ,10.775001
296,20,25,1 2 3 5 6 7 8 9 10 11 13 16 17 18 19 20 22 23 24 25 ,10.775001
297,11,25,1 2 3 4 6 7 10 12 14 18 21 ,10.775001
298,10,25,2 3 6 10 13 14 19 20 22 23 ,10.775001
299,20,25,1 2 4 5 6 7 10 11 12 13 14 16 17 19 20 21 22 23 24 25 ,10.775001
300,5,25,2 11 12 14 21 ,10.775001
301,23,25,1 2 3 4 5 6 7 8 9 10 11 12 13 14 16 18 19 20 21 22 23 24 25 ,10.775001
302,19,25,1 3 4 5 7 8 10 11 14 15 16 17 19 20 21 22 23 24 25 ,10.775001
303,24,25,1 2 3 4 5 6 7 8 9 10 11 12 13 14 15 16 17 19 20 21 22 23 24 25 ,10.775001
304,16,25,2 4 5 6 7 8 9 10 11 12 13 16 17 20 21 25 ,10.775001
305,19,25,2 3 5 6 7 8 9 10 11 12 14 15 16 17 18 19 20 21 22 ,10.775001
306,22,25,1 2 3 4 5 6 7 8 9 10 12 13 14 15 17 18 19 21 22 23 24 25 ,10.775001
307,19,25,1 2 3 5 6 11 12 14 15 16 17 18 19 20 21 22 23 24 25 ,10.775001
308,25,25,1 2 3 4 5 6 7 8 9 10 11 12 13 14 15 16 17 18 19 20 21 22 23 24 25 ,10.775001
309,13,25,1 4 5 6 7 8 12 15 19 20 21 23 25 ,10.775001
310,18,25,1 3 5 7 8 9 10 11 13 14 15 16 17 18 20 22 23 25 ,10.775001
311,22,25,1 2 3 4 5 6 7 8 9 10 11 12 13 14 17 18 19 20 21 22 24 25 ,10.775001
312,15,25,1 3 6 9 10 12 13 14 15 16 18 19 22 24 25 ,10.775001
313,22,25,1 2 3 4 5 6 7 8 9 11 12 13 14 15 16 17 18 19 21 23 24 25 ,10.775001
314,22,25,1 2 3 4 6 7 8 9 10 11 12 14 15 16 17 18 19 20 21 23 24 25 ,10.775001
315,4,25,3 9 12 22 ,10.775001
316,2,25,1 11 ,10.775001
317,9,25,3 9 11 12 14 16 17 22 23 ,10.775001
318,14,25,1 2 4 5 8 11 16 17 18 19 20 22 23 25 ,10.775001
319,11,25,2 5 7 9 10 12 13 18 20 23 25 ,10.775001
320,11,25,1 3 4 6 8 10 15 16 19 20 24 ,10.775001
321,20,25,1 2 3 6 7 8 9 10 11 12 13 14 15 17 18 19 20 23 24 25 ,10.775001
322,15,25,2 3 4 5 12 14 15 16 17 18 19 20 21 23 25 ,10.775001
323,6,25,2 6 8 12 14 19 ,10.775001
324,16,25,1 2 3 5 7 10 11 13 15 16 17 19 21 22 23 24 ,10.775001
325,9,25,1 2 4 5 10 12 13 19 20 ,10.775001
326,13,25,1 3 4 7 8 11 12 14 19 20 21 22 25 ,10.775001
327,13,25,1 3 4 5 6 7 9 10 11 12 16 19 24 ,10.775001
328,12,25,3 7 8 9 11 13 14 15 16 18 20 22 ,10.775001
329,14,25,1 2 6 7 8 9 11 12 15 16 20 21 22 23 ,10.775001
330,9,25,3 4 6 11 12 17 21 24 25 ,10.775001
331,24,25,1 2 3 4 5 6 7 8 9 10 11 12 13 14 15 16 17 18 19 20 21 22 23 24 ,10.775001
332,7,25,3 4 6 13 14 19 24 ,10.775001
333,4,25,5 9 21 25 ,10.775001
334,3,25,2 3 5 ,10.775001
335,9,25,2 5 6 7 11 16 17 23 25 ,10.775001
336,18,25,2 3 4 6 7 9 10 12 13 14 16 17 18 20 22 23 24 25 ,10.775001
337,25,25,1 2 3 4 5 6 7 8 9 10 11 12 13 14 15 16 17 18 19 20 21 22 23 24 25 ,10.775001
338,17,25,1 2 3 4 5 6 9 11 12 14 16 17 18 19 23 24 25 ,10.775001
339,24,25,1 2 3 4 5 6 7 8 9 10 11 12 13 14 16 17 18 19 20 21 22 23 24 25 ,10.775001
340,7,25,3 7 12 17 18 21 22 ,10.775001
341,12,25,2 3 6 8 10 13 15 16 17 20 22 25 ,10.775001
342,4,25,1 2 13 23 ,10.775001
343,12,25,2 8 10 12 13 14 16 17 18 21 22 24 ,10.775001
344,8,25,4 9 13 14 15 18 24 25 ,10.775001
345,12,25,1 2 4 8 10 12 13 14 17 18 24 25 ,10.775001
346,2,25,7 25 ,10.775001
347,24,25,1 2 3 4 5 6 7 8 9 10 11 12 13 14 15 16 17 18 19 20 21 22 23 24 ,10.775001
348,6,25,7 8 11 17 23 24 ,10.775001
349,18,25,1 2 4 5 6 7 10 11 12 13 15 16 17 19 20 22 24 25 ,10.775001
350,15,25,2 3 4 5 6 10 11 12 16 17 18 20 22 23 25 ,10.775001
351,22,25,1 2 3 4 5 6 7 8 9 10 11 12 15 16 17 19 20 21 22 23 24 25 ,10.775001
352,24,25,1 2 3 4 5 6 7 8 9 10 11 12 13 15 16 17 18 19 20 21 22 23 24 25 ,10.775001
353,3,25,3 13 23 ,10.775001
354,12,25,1 2 3 6 7 9 11 12 13 17 23 24 ,10.775001
355,16,25,1 2 3 7 9 12 13 14 15 17 18 19 20 21 22 24 ,10.775001
356,15,25,3 7 8 9 11 12 13 14 15 16 18 19 20 21 25 ,10.775001
357,22,25,1 2 4 5 8 9 10 11 12 13 14 15 16 17 18 19 20 21 22 23 24 25 ,10.775001
358,20,25,1 2 3 4 5 6 8 9 10 11 12 13 14 15 17 19 21 22 23 24 ,10.775001
359,18,25,1 3 5 6 7 8 9 11 12 13 14 15 16 18 19 22 23 25 ,10.775001
360,17,25,1 6 7 8 9 10 12 13 14 15 16 18 20 22 23 24 25 ,10.775001
361,15,25,1 3 5 6 8 9 10 11 12 14 15 16 18 20 25 ,10.775001
362,2,25,9 24 ,10.775001
363,22,25,1 2 4 5 6 7 8 9 10 11 12 13 15 16 17 18 19 20 21 22 23 25 ,10.775001
364,11,25,2 4 6 7 8 11 12 13 16 19 23 ,10.775001
365,10,25,2 3 5 11 14 15 16 18 19 24 ,10.775001
366,17,25,1 2 4 5 6 7 8 9 10 11 12 14 16 18 20 22 23 ,10.775001
367,10,25,3 10 11 14 16 18 19 21 22 23 ,10.775001
368,14,25,4 6 7 9 10 12 13 14 16 17 19 20 21 24 ,10.775001
369,24,25,1 2 3 4 5 6 7 8 9 10 11 12 13 14 15 16 17 18 19 20 21 22 23 25 ,10.775001
370,2,25,4 23 ,10.775001
371,8,25,1 4 9 13 17 22 23 25 ,10.775001
372,6,25,9 10 12 16 17 24 ,10.775001
373,9,25,4 6 7 8 9 12 15 17 23 ,10.775001
374,13,25,6 9 10 11 12 13 16 18 19 20 22 23 25 ,10.775001
375,6,25,4 5 16 19 21 23 ,10.775001
376,13,25,1 4 7 10 11 12 13 14 15 19 22 23 25 ,10.775001
377,12,25,6 7 9 11 14 18 19 20 21 22 23 25 ,10.775001
378,11,25,3 5 6 7 10 11 12 16 21 23 25 ,10.775001
379,4,25,1 3 8 17 ,10.775001
380,3,25,16 20 21 ,10.775001
381,22,25,1 2 4 5 6 7 8 9 11 12 13 14 15 16 17 18 19 20 21 23 24 25 ,10.775001
382,6,25,2 7 22 23 24 25 ,10.775001
383,2,25,4 9 ,10.775001
384,16,25,1 3 4 6 7 9 10 14 15 16 17 19 20 22 24 25 ,10.775001
385,16,25,4 7 9 10 11 12 13 15 16 17 20 21 22 23 24 25 ,10.775001
386,9,25,2 7 8 9 12 21 22 23 24 ,10.775001
387,17,25,1 3 7 8 9 10 12 15 16 17 18 19 20 21 22 23 25 ,10.775001
388,7,25,1 7 11 13 16 17 25 ,10.775001
389,19,25,2 3 4 5 6 8 9 10 11 12 13 15 16 17 18 19 20 21 23 ,10.775001
390,17,25,1 4 5 7 8 9 10 12 13 14 15 20 21 22 23 24 25 ,10.775001
391,20,25,2 3 4 5 7 8 9 10 11 12 13 14 16 17 19 20 21 22 23 25 ,10.775001
392,7,25,4 5 7 8 9 21 24 ,10.775001
393,23,25,1 2 3 4 5 6 7 8 10 11 12 13 14 15 16 17 18 20 21 22 23 24 25 ,10.775001
394,16,25,1 4 5 6 7 8 10 12 14 16 18 21 22 23 24 25 ,10.775001
395,3,25,2 17 18 ,10.775001
396,19,25,1 3 4 5 7 8 9 10 11 14 15 16 17 18 20 21 22 24 25 ,10.775001
397,6,25,1 5 8 13 15 21 ,10.775001
398,11,25,1 2 3 7 8 12 13 14 15 18 25 ,10.775001
399,18,25,4 5 7 8 9 10 11 13 15 16 17 19 20 21 22 23 24 25 ,10.775001
400,6,25,1 2 6 15 19 25 ,10.775001
401,11,25,3 7 11 13 15 16 18 19 22 23 24 ,10.775001
402,15,25,1 3 6 8 9 11 14 15 17 18 19 20 21 22 25 ,10.775001
403,10,25,1 6 11 13 16 18 19 21 23 25 ,10.775001
404,25,25,1 2 3 4 5 6 7 8 9 10 11 12 13 14 15 16 17 18 19 20 21 22 23 24 25 ,10.775001
405,8,25,2 8 11 12 17 18 20 21 ,10.775001
406,8,25,2 5 6 8 10 14 20 23 ,10.775001
407,13,25,1 4 7 8 9 12 13 15 16 18 20 23 24 ,10.775001
408,7,25,2 8 13 16 17 19 22 ,10.775001
409,18,25,1 2 5 6 9 10 11 14 16 17 18 19 20 21 22 23 24 25 ,10.775001
410,13,25,3 6 7 8 9 11 14 15 18 19 21 24 25 ,10.775001
411,16,25,1 3 4 5 6 10 11 12 14 15 17 18 20 21 22 24 ,10.775001
412,18,25,3 4 6 7 8 9 10 11 12 13 14 17 18 19 20 22 23 24 ,10.775001
413,9,25,1 4 6 9 11 15 16 21 23 ,10.775001
414,9,25,1 2 4 5 9 13 14 21 25 ,10.775001
415,9,25,3 5 6 9 11 13 14 15 17 ,10.775001
416,10,25,4 5 6 9 10 12 13 16 24 25 ,10.775001
417,18,25,1 5 6 7 8 9 10 11 12 13 14 15 17 19 21 22 23 25 ,10.775001
418,6,25,2 4 11 16 19 25 ,10.775001
419,22,25,1 2 3 5 7 8 9 10 11 12 13 14 15 16 17 18 19 20 21 22 23 25 ,10.775001
420,8,25,2 5 8 9 12 14 21 24 ,10.775001
421,5,25,1 2 18 22 25 ,10.775001
422,10,25,1 6 9 10 11 13 14 16 23 24 ,10.775001
423,11,25,2 7 8 10 12 14 16 19 22 23 25 ,10.775001
424,15,25,1 3 4 5 6 10 11 12 13 14 16 18 22 23 25 ,10.775001
425,22,25,1 3 4 5 6 8 9 10 11 12 13 14 15 16 17 18 19 20 21 22 23 25 ,10.775001
426,21,25,1 2 3 4 5 6 7 8 9 10 11 12 13 14 15 18 19 21 22 23 24 ,10.775001
427,20,25,1 2 3 5 7 8 9 10 11 12 13 14 15 16 18 19 20 21 23 24 ,10.775001
428,7,25,10 11 13 15 19 20 21 ,10.775001
429,13,25,2 4 6 8 9 13 14 16 17 18 19 23 25 ,10.775001
430,20,25,1 2 3 4 5 6 7 9 11 12 13 14 15 16 17 19 21 22 24 25 ,10.775001
431,2,25,5 22 ,10.775001
432,7,25,6 10 12 19 21 23 25 ,10.775001
433,5,25,7 12 20 22 24 ,10.775001
434,7,25,2 12 14 15 22 23 24 ,10.775001
435,22,25,1 2 3 4 5 6 7 9 10 11 12 13 14 15 17 18 19 20 21 22 24 25 ,10.775001
436,18,25,1 2 3 4 5 6 8 9 10 11 12 14 15 16 18 19 20 22 ,10.775001
437,21,25,2 3 4 5 6 7 8 9 10 11 12 14 15 16 17 19 20 21 22 23 24 ,10.775001
438,25,25,1 2 3 4 5 6 7 8 9 10 11 12 13 14 15 16 17 18 19 20 21 22 23 24 25 ,10.775001
439,14,25,1 3 4 7 8 9 10 11 13 15 17 19 20 21 ,10.775001
440,25,25,1 2 3 4 5 6 7 8 9 10 11 12 13 14 15 16 17 18 19 20 21 22 23 24 25 ,10.775001
441,11,25,8 9 10 13 14 16 18 20 21 22 24 ,10.775001
442,6,25,1 3 5 6 16 17 ,10.775001
443,16,25,1 3 5 6 7 8 9 10 12 13 15 16 20 22 24 25 ,10.775001
444,18,25,2 3 4 5 6 7 8 11 12 14 15 16 17 18 20 23 24 25 ,10.775001
445,8,25,1 9 14 17 20 21 22 24 ,10.775001
446,6,25,3 14 15 17 21 22 ,10.775001
447,2,25,4 17 ,10.775001
448,4,25,5 14 20 23 ,10.775001
449,10,25,2 8 11 12 13 14 17 18 22 25 ,10.775001
450,25,25,1 2 3 4 5 6 7 8 9 10 11 12 13 14 15 16 17 18 19 20 21 22 23 24 25 ,10.775001
451,25,25,1 2 3 4 5 6 7 8 9 10 11 12 13 14 15 16 17 18 19 20 21 22 23 24 25 ,10.775001
452,13,25,4 6 7 12 13 14 16 17 19 20 22 23 24 ,10.775001
453,17,25,1 2 3 5 8 9 10 13 15 17 19 20 21 22 23 24 25 ,10.775001
454,6,25,1 3 10 19 22 24 ,10.775001
455,23,25,1 2 3 4 5 6 8 9 10 11 12 13 14 15 16 17 18 19 21 22 23 24 25 ,10.775001
456,13,25,1 3 4 5 9 10 13 14 15 17 18 24 25 ,10.775001
457,8,25,5 6 8 9 13 17 20 21 ,10.775001
458,24,25,1 2 3 4 5 6 7 8 9 11 12 13 14 15 16 17 18 19 20 21 22 23 24 25 ,10.775001
459,19,25,2 3 4 5 6 7 8 9 11 13 14 15 16 17 19 20 22 23 25 ,10.775001
460,9,25,3 5 7 9 10 11 13 17 25 ,10.775001
461,21,25,1 3 4 5 6 7 8 10 11 12 14 15 16 17 18 19 20 21 22 23 24 ,10.775001
462,19,25,1 2 3 5 7 9 11 12 13 14 15 16 17 18 19 21 22 24 25 ,10.775001
463,23,25,1 2 3 5 6 7 8 9 11 12 13 14 15 16 17 18 19 20 21 22 23 24 25 ,10.775001
464,17,25,1 2 3 4 7 8 10 11 12 14 16 18 19 21 22 23 24 ,10.775001
465,5,25,3 9 19 21 24 ,10.775001
466,9,25,2 3 4 8 10 14 20 21 24 ,10.775001
467,25,25,1 2 3 4 5 6 7 8 9 10 11 12 13 14 15 16 17 18 19 20 21 22 23 24 25 ,10.775001
468,7,25,5 6 12 14 16 21 23 ,10.775001
469,15,25,4 8 12 13 14 15 16 17 18 19 20 21 22 23 24 ,10.775001
470,5,25,8 9 14 19 25 ,10.775001
471,12,25,3 6 10 12 13 15 16 17 18 19 22 24 ,10.775001
472,9,25,11 14 17 19 21 22 23 24 25 ,10.775001
473,19,25,1 2 3 4 5 7 8 9 11 12 13 14 15 19 21 22 23 24 25 ,10.775001
474,15,25,1 2 3 4 6 9 12 13 14 16 18 19 21 22 24 ,10.775001
475,5,25,2 4 12 13 18 ,10.775001
476,25,25,1 2 3 4 5 6 7 8 9 10 11 12 13 14 15 16 17 18 19 20 21 22 23 24 25 ,10.775001
477,4,25,1 2 18 21 ,10.775001
478,6,25,4 9 13 15 23 24 ,10.775001
479,13,25,1 5 6 7 8 9 11 14 16 19 20 23 24 ,10.775001
480,13,25,1 2 3 7 8 15 16 17 18 21 22 24 25 ,10.775001
481,4,25,7 15 17 23 ,10.775001
482,5,25,5 21 22 24 25 ,10.775001
483,14,25,2 4 5 7 8 9 12 14 15 18 19 20 22 25 ,10.775001
484,21,25,1 2 3 4 6 8 10 12 13 14 15 16 17 18 19 20 21 22 23 24 25 ,10.775001
485,13,25,2 3 5 7 8 9 12 13 17 19 22 24 25 ,10.775001
486,15,25,1 3 6 8 9 11 12 13 15 18 20 21 22 24 25 ,10.775001
487,9,25,7 9 11 12 13 16 18 21 25 ,10.775001
488,10,25,2 4 7 9 13 14 19 22 24 25 ,10.775001
489,18,25,3 4 6 7 8 11 12 13 14 16 17 18 19 20 21 22 24 25 ,10.775001
490,4,25,10 18 20 21 ,10.775001
491,21,25,1 2 3 4 5 6 7 8 9 10 11 12 13 14 15 18 20 21 22 23 24 ,10.775001
492,11,25,1 3 4 5 7 9 12 13 15 17 24 ,10.775001
493,22,25,1 2 3 4 5 6 8 9 10 11 12 13 14 15 16 18 20 21 22 23 24 25 ,10.775001
494,9,25,5 10 12 16 18 21 22 23 24 ,10.775001
495,13,25,1 3 5 9 10 11 12 13 14 16 18 19 20 ,10.775001
496,7,25,5 12 14 16 18 19 23 ,10.775001
497,15,25,2 3 5 6 7 9 12 15 16 17 18 19 20 22 24 ,10.775001
498,8,25,6 8 13 15 19 20 21 24 ,10.775001
499,25,25,1 2 3 4 5 6 7 8 9 10 11 12 13 14 15 16 17 18 19 20 21 22 23 24 25 ,10.775001
500,19,25,2 3 4 5 7 8 9 10 11 12 13 14 15 17 18 21 23 24 25 ,10.775001
RELATORIO DA EXPERIENCIA:
MELHOR RESULTADO: 10.775001, COM 19 NUMEROS
POSTOS DA MELHOR SOLUÇÃO: 1,4,5,7,8,9,10,11,12,13,14,15,16,17,18,19,21,24,25,