ITERAÇÃO,NR PONTOS SELECIONADOS,TOTAL PONTOS,LISTA DE PONTOS,RESULTADO
1,10,20,1 2 5 8 9 11 13 18 19 20 ,-1.723000
2,16,20,1 2 4 5 6 7 9 11 12 13 14 15 16 17 19 20 ,1.451875
3,18,20,1 2 3 6 7 8 9 10 11 12 13 14 15 16 17 18 19 20 ,-3.293334
4,20,20,1 2 3 4 5 6 7 8 9 10 11 12 13 14 15 16 17 18 19 20 ,-2.375500
5,9,20,3 5 6 7 8 12 13 14 17 ,-0.032223
6,7,20,1 2 8 9 12 13 14 ,-0.794286
7,11,20,2 5 6 7 8 9 10 12 13 17 18 ,-1.835455
8,10,20,1 2 6 8 9 12 15 16 17 18 ,-1.175999
9,14,20,1 4 5 6 8 9 10 11 13 16 17 18 19 20 ,-2.081429
10,13,20,1 4 5 6 7 11 12 14 15 17 18 19 20 ,5.549232
11,6,20,5 6 8 9 17 20 ,-8.264999
12,8,20,2 5 6 7 12 13 19 20 ,-0.752500
13,15,20,3 6 7 8 9 10 11 12 13 14 15 16 17 18 19 ,-1.498667
14,7,20,1 12 14 15 16 17 19 ,-1.027143
15,16,20,1 2 5 6 7 8 9 10 11 12 13 16 17 18 19 20 ,-2.480625
16,20,20,1 2 3 4 5 6 7 8 9 10 11 12 13 14 15 16 17 18 19 20 ,-2.375500
17,11,20,2 3 4 5 6 9 10 11 15 16 17 ,-3.340000
18,13,20,1 2 4 6 8 9 10 11 12 13 17 19 20 ,-2.208462
19,11,20,2 3 4 5 7 8 13 14 15 16 17 ,1.410000
20,16,20,1 2 3 5 6 7 8 9 10 13 14 15 16 17 18 20 ,-3.543751
21,12,20,1 7 8 11 12 13 14 15 16 17 18 19 ,3.436667
22,7,20,2 7 8 12 14 16 19 ,-4.017143
23,11,20,2 3 4 5 7 9 12 17 18 19 20 ,-3.780000
24,5,20,1 4 5 13 20 ,2.022000
25,13,20,3 4 5 7 8 9 10 11 12 13 15 17 18 ,0.315384
26,8,20,5 7 9 10 13 17 18 19 ,0.411250
27,12,20,1 4 6 7 9 12 13 14 15 16 17 18 ,2.437501
28,9,20,2 5 9 11 12 15 18 19 20 ,2.928889
29,18,20,1 2 3 4 7 8 9 10 11 12 13 14 15 16 17 18 19 20 ,-3.641667
30,17,20,1 2 4 5 6 7 8 9 10 11 13 15 16 17 18 19 20 ,-1.722942
31,6,20,1 6 7 12 13 17 ,4.235000
32,2,20,8 16 ,0.720000
33,9,20,2 3 6 9 10 12 13 18 20 ,-4.088889
34,18,20,1 3 4 5 6 7 8 9 10 11 12 13 14 15 16 17 19 20 ,-1.541667
35,16,20,1 2 3 5 6 7 8 9 10 12 13 16 17 18 19 20 ,-5.581250
36,5,20,2 5 8 13 15 ,3.964000
37,14,20,1 2 3 7 8 9 13 14 15 16 17 18 19 20 ,-3.230713
38,12,20,2 3 5 6 10 11 12 14 16 18 19 20 ,-0.538333
39,7,20,6 7 11 15 16 18 20 ,1.658572
40,14,20,1 2 3 4 5 6 8 10 12 13 16 17 19 20 ,-2.152143
41,13,20,1 2 3 4 6 7 11 12 13 14 15 17 19 ,2.352308
42,14,20,1 2 3 5 6 7 8 10 11 13 14 16 17 19 ,-3.184286
43,19,20,1 2 3 4 5 6 7 8 9 10 11 12 13 14 15 17 18 19 20 ,-1.481580
44,9,20,2 4 5 6 7 9 14 15 20 ,1.104445
45,12,20,3 4 5 8 11 13 14 15 16 17 18 19 ,0.606666
46,17,20,2 3 4 6 7 8 9 10 11 12 13 14 15 16 17 19 20 ,-2.650001
47,6,20,6 7 8 9 12 18 ,-0.931667
48,12,20,1 5 6 10 11 12 13 14 16 17 19 20 ,0.395000
49,11,20,3 6 8 10 11 14 15 16 17 19 20 ,-6.494545
50,19,20,1 2 3 4 5 7 8 9 10 11 12 13 14 15 16 17 18 19 20 ,-2.191579
51,15,20,1 2 3 4 5 6 7 9 10 12 13 16 17 18 20 ,-2.202667
52,15,20,2 4 5 6 7 8 9 10 12 13 14 15 17 18 20 ,-0.672667
53,18,20,1 2 3 4 5 6 7 8 10 11 12 13 14 16 17 18 19 20 ,-2.494445
54,5,20,2 3 4 9 16 ,-3.294000
55,12,20,1 2 4 5 7 11 12 14 15 16 17 19 ,0.543334
56,2,20,5 14 ,2.125000
57,5,20,2 6 13 16 17 ,3.672000
58,4,20,3 5 12 15 ,1.510000
59,18,20,1 2 4 5 6 7 8 9 10 11 12 13 14 15 16 17 19 20 ,-0.902778
60,15,20,2 3 4 5 6 7 8 9 10 11 12 14 16 19 20 ,-2.114667
61,5,20,5 6 16 18 20 ,0.988000
62,9,20,1 6 7 9 12 14 18 19 20 ,-3.848889
63,17,20,2 3 4 5 7 8 9 10 11 12 14 15 16 17 18 19 20 ,-3.416471
64,15,20,1 2 4 5 6 7 8 10 11 12 13 14 15 16 17 ,0.685999
65,4,20,13 17 18 19 ,3.500000
66,12,20,2 3 4 5 10 11 12 13 14 16 17 19 ,-0.835833
67,8,20,1 6 10 13 16 17 18 20 ,-1.775000
68,17,20,2 3 4 5 7 8 9 10 11 12 13 14 15 16 18 19 20 ,-1.740000
69,19,20,2 3 4 5 6 7 8 9 10 11 12 13 14 15 16 17 18 19 20 ,-1.550000
70,6,20,1 3 5 9 10 19 ,-7.815000
71,10,20,1 2 3 5 7 8 9 12 14 15 ,0.189000
72,13,20,1 2 3 5 6 9 11 13 14 15 16 19 20 ,-2.837692
73,9,20,1 2 5 6 9 10 11 13 14 ,-2.748888
74,14,20,1 2 3 4 5 8 9 11 12 14 15 16 19 20 ,-2.417143
75,17,20,1 2 3 4 5 6 7 8 9 10 11 12 13 14 15 18 20 ,-1.129413
76,5,20,3 7 10 11 17 ,-2.040000
77,10,20,2 3 6 8 10 12 14 15 18 20 ,-3.718000
78,18,20,1 2 3 4 5 6 7 8 9 11 12 13 14 15 16 17 18 19 ,0.906666
79,6,20,1 6 8 11 13 17 ,5.590000
80,4,20,13 14 16 17 ,-0.400000
81,6,20,2 3 7 12 19 20 ,-1.165000
82,18,20,1 2 3 4 5 6 7 8 9 10 11 12 13 14 16 17 18 20 ,-2.267222
83,12,20,2 4 5 6 10 11 12 14 15 16 17 19 ,0.956667
84,18,20,1 2 3 4 5 6 7 8 9 10 11 12 13 15 16 18 19 20 ,-3.490001
85,5,20,1 2 3 8 16 ,-2.900000
86,2,20,12 19 ,-0.370000
87,9,20,1 4 6 12 13 14 16 17 18 ,-0.654444
88,7,20,2 8 14 17 18 19 20 ,-11.047143
89,15,20,1 2 3 4 6 7 8 9 10 12 13 16 17 18 20 ,-5.532000
90,9,20,3 4 7 8 10 11 14 16 17 ,-4.336667
91,4,20,6 7 13 17 ,0.470000
92,18,20,1 2 3 4 6 7 8 9 10 11 12 13 14 15 16 17 18 19 ,-2.817779
93,3,20,4 7 16 ,0.566667
94,12,20,1 3 5 7 8 9 11 12 17 18 19 20 ,0.869167
95,13,20,3 4 7 10 11 12 13 14 15 16 17 18 19 ,-3.631539
96,5,20,2 11 13 14 17 ,-1.900000
97,5,20,2 3 5 9 16 ,0.396000
98,18,20,1 2 3 4 5 6 7 8 9 10 11 12 13 14 17 18 19 20 ,-3.039445
99,11,20,1 5 6 7 8 9 10 11 13 16 19 ,-2.781819
100,7,20,2 4 6 8 14 16 20 ,-0.487143
101,8,20,3 4 5 6 9 12 14 20 ,1.287500
102,7,20,2 5 7 9 10 19 20 ,-6.988572
103,3,20,5 11 19 ,-0.386667
104,7,20,8 10 11 12 13 14 16 ,-3.217143
105,7,20,5 6 11 14 16 17 20 ,-0.374286
106,14,20,2 3 4 6 7 8 9 10 12 14 15 17 18 19 ,-4.401427
107,3,20,11 12 14 ,0.573333
108,4,20,5 9 12 16 ,4.030000
109,17,20,1 2 3 4 6 7 9 10 11 12 13 14 15 16 17 18 19 ,-2.245883
110,18,20,1 2 3 5 6 7 8 9 10 11 12 13 14 15 17 18 19 20 ,-1.283889
111,11,20,2 3 4 5 6 9 13 15 17 18 20 ,0.593636
112,17,20,2 3 4 6 7 8 9 10 11 13 14 15 16 17 18 19 20 ,-3.831177
113,9,20,1 2 3 4 6 9 15 18 20 ,-3.087778
114,8,20,3 4 7 8 9 12 14 15 ,0.916250
115,10,20,1 2 3 6 7 9 10 14 16 19 ,-10.033998
116,9,20,2 3 4 10 12 17 18 19 20 ,-5.517778
117,6,20,1 6 8 14 18 20 ,-2.791667
118,18,20,1 2 3 4 5 6 7 8 9 10 11 12 13 14 15 16 17 19 ,-1.868334
119,19,20,1 2 3 4 5 6 7 8 9 10 11 12 13 14 15 17 18 19 20 ,-1.481580
120,17,20,1 2 3 5 7 8 9 10 11 12 14 15 16 17 18 19 20 ,-3.335882
121,7,20,6 7 8 9 15 17 18 ,1.962857
122,12,20,3 4 5 6 8 9 10 11 13 14 18 19 ,-0.015833
123,18,20,1 2 3 5 6 7 8 9 10 11 12 13 14 15 17 18 19 20 ,-1.283889
124,6,20,2 9 11 14 19 20 ,-2.771667
125,6,20,3 13 17 18 19 20 ,-0.529999
126,19,20,1 2 3 4 5 6 7 8 9 10 11 12 13 14 15 16 17 19 20 ,-2.321053
127,4,20,3 6 12 17 ,3.342500
128,2,20,4 19 ,1.375000
129,15,20,1 2 3 4 6 7 8 11 12 13 15 16 18 19 20 ,-2.018667
130,4,20,5 12 16 18 ,2.267500
131,6,20,1 3 4 9 10 14 ,-6.063334
132,7,20,1 2 3 5 12 14 15 ,2.670000
133,10,20,5 7 8 9 11 12 13 15 17 19 ,6.166000
134,8,20,2 5 11 12 13 14 18 20 ,2.831251
135,19,20,1 2 3 4 5 6 7 8 9 10 11 12 13 14 15 16 17 18 19 ,-1.546842
136,13,20,2 4 5 6 7 8 10 11 12 13 15 18 20 ,1.610769
137,2,20,7 14 ,-1.785000
138,4,20,4 8 16 20 ,1.512500
139,17,20,1 2 4 6 7 8 9 10 11 12 13 14 15 16 18 19 20 ,-3.670000
140,16,20,1 2 3 4 5 6 8 9 10 11 12 13 14 17 19 20 ,-2.456875
141,11,20,1 3 4 6 9 10 11 12 15 18 19 ,-4.398182
142,3,20,1 9 20 ,-3.713333
143,3,20,5 12 17 ,2.426667
144,11,20,1 3 4 7 8 10 11 12 14 17 20 ,0.420000
145,11,20,1 3 5 6 7 11 12 16 18 19 20 ,0.545454
146,15,20,1 2 3 4 6 7 8 9 11 12 14 15 17 19 20 ,-1.228667
147,18,20,1 2 3 4 5 6 7 8 9 10 12 14 15 16 17 18 19 20 ,-5.648888
148,10,20,6 9 10 11 12 13 14 17 18 19 ,2.858001
149,14,20,1 2 3 5 6 7 8 10 11 12 13 15 16 20 ,-1.252143
150,5,20,3 9 12 15 19 ,-0.754000
151,14,20,1 3 4 5 6 7 8 10 11 14 16 17 19 20 ,-3.706428
152,14,20,3 4 6 7 8 10 11 12 14 15 16 18 19 20 ,-5.340716
153,11,20,1 2 3 6 11 12 13 15 16 17 19 ,3.546364
154,8,20,2 6 7 10 11 14 18 19 ,0.971250
155,3,20,5 11 19 ,-0.386667
156,16,20,1 5 6 7 9 10 11 12 13 14 15 16 17 18 19 20 ,1.800624
157,17,20,2 3 4 5 6 7 8 9 10 11 12 13 14 16 17 18 19 ,-1.169412
158,15,20,1 2 4 5 7 8 9 11 12 13 14 15 16 18 19 ,1.934000
159,17,20,2 4 5 6 7 8 9 10 11 12 13 14 16 17 18 19 20 ,-1.405883
160,19,20,1 2 3 4 5 6 7 8 9 10 11 12 13 14 15 16 18 19 20 ,-3.171052
161,6,20,3 5 6 7 10 20 ,-1.630000
162,14,20,1 4 5 6 7 8 9 10 12 14 16 17 19 20 ,-2.975000
163,20,20,1 2 3 4 5 6 7 8 9 10 11 12 13 14 15 16 17 18 19 20 ,-2.375500
164,2,20,1 16 ,-4.295000
165,18,20,1 2 3 6 7 8 9 10 11 12 13 14 15 16 17 18 19 20 ,-3.293334
166,3,20,6 8 14 ,1.273333
167,18,20,1 2 3 4 6 7 9 10 11 12 13 14 15 16 17 18 19 20 ,-3.005556
168,18,20,1 2 3 4 5 6 7 8 9 10 11 12 13 14 17 18 19 20 ,-3.039445
169,17,20,1 2 3 4 5 6 7 8 9 11 12 14 15 17 18 19 20 ,-0.612353
170,10,20,2 4 7 8 9 11 15 17 18 20 ,1.275000
171,15,20,1 2 3 7 8 10 11 12 13 15 16 17 18 19 20 ,-2.078000
172,11,20,2 3 5 9 11 12 13 16 17 19 20 ,0.989092
173,20,20,1 2 3 4 5 6 7 8 9 10 11 12 13 14 15 16 17 18 19 20 ,-2.375500
174,17,20,1 2 3 4 5 6 7 8 9 10 11 12 13 15 16 18 19 ,-2.867648
175,9,20,3 7 9 11 12 14 15 19 20 ,0.288889
176,19,20,2 3 4 5 6 7 8 9 10 11 12 13 14 15 16 17 18 19 20 ,-1.550000
177,2,20,11 20 ,2.910000
178,12,20,2 3 5 6 8 9 10 11 13 15 16 19 ,-2.467499
179,5,20,6 8 10 13 16 ,-0.274000
180,13,20,1 2 3 5 7 8 9 12 14 15 16 19 20 ,-2.686154
181,14,20,1 3 4 5 6 7 8 10 11 12 13 14 16 19 ,-1.680714
182,4,20,3 12 13 20 ,1.672500
183,11,20,3 5 6 7 8 9 12 16 17 19 20 ,-3.670000
184,13,20,2 5 6 9 10 11 12 13 14 15 16 18 19 ,3.100769
185,15,20,2 3 4 5 6 8 10 11 12 14 15 16 17 19 20 ,-2.411334
186,9,20,2 9 11 13 15 16 17 18 20 ,4.651111
187,16,20,1 2 3 5 6 7 8 9 10 11 12 13 15 16 19 20 ,-3.846876
188,8,20,1 2 5 6 10 14 16 18 ,-1.777500
189,9,20,4 7 8 11 14 16 17 18 20 ,-2.421111
190,7,20,6 7 9 11 15 16 18 ,5.288571
191,18,20,1 2 3 4 5 6 7 8 10 11 13 14 15 16 17 18 19 20 ,-2.727222
192,11,20,1 2 3 5 6 8 12 13 15 16 18 ,0.672727
193,8,20,2 9 12 14 15 18 19 20 ,-0.790000
194,15,20,2 3 4 5 6 7 8 10 12 13 14 15 16 18 20 ,-0.993334
195,13,20,1 2 5 6 8 9 12 13 15 16 17 19 20 ,-2.559231
196,18,20,1 2 3 4 5 6 7 8 10 11 12 13 14 15 16 17 18 20 ,-1.002223
197,15,20,2 3 5 6 7 8 9 11 12 14 15 16 17 18 19 ,1.019999
198,3,20,2 4 12 ,-2.923333
199,5,20,4 6 14 16 19 ,1.394000
200,8,20,5 8 14 15 16 18 19 20 ,-1.802500
201,17,20,1 2 4 5 6 7 8 9 11 12 13 14 15 16 17 18 20 ,2.385881
202,10,20,2 6 7 8 13 14 15 16 18 20 ,-3.135999
203,12,20,2 4 5 7 8 11 13 15 16 18 19 20 ,1.769166
204,7,20,4 8 10 14 16 17 19 ,-0.291429
205,2,20,6 20 ,-1.110000
206,19,20,1 2 3 4 5 6 7 8 9 10 11 12 14 15 16 17 18 19 20 ,-4.024210
207,5,20,2 6 15 16 17 ,2.310000
208,3,20,13 16 19 ,3.246667
209,10,20,1 4 7 11 12 14 16 18 19 20 ,-3.638000
210,10,20,2 3 7 8 9 12 13 16 17 18 ,0.910000
211,18,20,1 2 3 4 5 6 8 9 11 12 13 14 15 16 17 18 19 20 ,-0.430555
212,17,20,1 2 3 4 5 6 7 8 9 11 12 15 16 17 18 19 20 ,-2.172941
213,14,20,1 2 4 5 7 9 10 11 12 13 14 15 17 19 ,0.900714
214,16,20,1 2 4 5 6 7 9 10 11 12 15 16 17 18 19 20 ,-1.076875
215,20,20,1 2 3 4 5 6 7 8 9 10 11 12 13 14 15 16 17 18 19 20 ,-2.375500
216,18,20,1 2 3 4 5 6 7 8 11 12 13 14 15 16 17 18 19 20 ,0.466667
217,7,20,1 2 3 7 12 15 19 ,0.345714
218,5,20,3 7 9 16 19 ,-5.222001
219,10,20,3 4 5 6 8 10 11 16 17 19 ,-2.961000
220,11,20,2 3 5 6 7 8 11 14 15 19 20 ,-2.266364
221,5,20,4 6 10 11 20 ,5.148000
222,4,20,1 5 9 20 ,-6.502500
223,7,20,3 4 5 9 10 11 18 ,-5.079999
224,18,20,1 2 3 4 5 6 7 8 9 10 12 13 14 15 16 17 18 19 ,-2.881110
225,7,20,2 4 6 7 14 15 19 ,0.505714
226,12,20,1 2 3 4 6 7 13 16 17 18 19 20 ,-4.326667
227,12,20,2 4 6 9 10 11 12 13 14 15 17 20 ,0.717500
228,10,20,6 8 9 10 11 12 14 15 18 20 ,0.373000
229,13,20,3 4 5 6 8 9 10 12 14 15 17 18 20 ,-2.264616
230,18,20,1 2 3 4 5 6 7 8 9 12 13 14 15 16 17 18 19 20 ,-2.340000
231,18,20,1 2 3 4 5 7 8 10 11 12 13 14 15 16 17 18 19 20 ,-1.968889
232,6,20,1 2 6 11 17 19 ,2.871667
233,15,20,2 3 5 7 8 9 10 11 12 13 14 15 18 19 20 ,-1.206667
234,5,20,6 8 13 18 20 ,-5.284000
235,14,20,1 6 7 8 9 10 11 12 13 15 17 18 19 20 ,0.107857
236,5,20,4 7 8 11 17 ,2.898000
237,4,20,2 3 6 14 ,-0.205000
238,6,20,4 9 12 14 16 18 ,-1.906667
239,14,20,1 3 5 6 8 9 10 11 13 14 15 17 18 20 ,-1.825714
240,11,20,2 5 6 8 11 13 14 15 17 18 19 ,4.306364
241,3,20,3 11 15 ,-7.346666
242,6,20,6 9 10 12 13 15 ,-4.073334
243,12,20,1 3 4 5 6 8 9 11 15 16 18 20 ,-3.621667
244,11,20,2 5 7 8 10 11 13 14 16 19 20 ,-1.780909
245,7,20,1 2 7 8 9 16 17 ,-2.037143
246,15,20,1 2 3 6 7 8 9 10 11 12 13 16 17 18 20 ,-1.431333
247,17,20,2 3 4 5 6 7 8 9 10 12 13 15 16 17 18 19 20 ,-3.187059
248,15,20,1 2 3 7 8 9 10 11 12 13 14 15 16 17 19 ,-1.132667
249,2,20,6 16 ,-0.230000
250,12,20,1 2 3 4 5 7 12 14 15 16 17 18 ,0.178332
251,2,20,12 19 ,-0.370000
252,6,20,1 2 4 7 12 17 ,-1.550000
253,11,20,1 3 7 8 9 10 11 15 17 19 20 ,-2.090909
254,18,20,1 2 3 4 5 6 8 9 10 12 13 14 15 16 17 18 19 20 ,-3.908889
255,19,20,1 2 3 4 5 6 7 8 9 10 11 12 13 15 16 17 18 19 20 ,-2.207369
256,12,20,2 3 4 5 6 7 8 12 14 15 16 17 ,0.177500
257,18,20,1 2 3 4 5 6 7 8 9 10 12 13 15 16 17 18 19 20 ,-4.272222
258,11,20,2 4 5 7 8 9 11 12 15 16 17 ,2.892728
259,17,20,1 3 4 5 6 8 9 11 12 13 14 15 16 17 18 19 20 ,0.567647
260,14,20,2 3 5 7 8 11 13 14 15 16 17 18 19 20 ,-0.135714
261,9,20,5 6 7 8 11 12 13 16 19 ,2.592223
262,7,20,1 4 6 10 11 12 19 ,-0.167143
263,3,20,4 18 20 ,-2.683334
264,11,20,1 3 7 8 10 12 14 16 17 18 20 ,-4.863636
265,15,20,1 2 5 6 9 11 12 13 14 15 16 17 18 19 20 ,2.896667
266,17,20,2 3 4 5 6 7 8 9 10 11 12 13 14 15 16 18 20 ,-0.957647
267,16,20,2 3 4 7 8 9 10 11 12 13 14 15 16 17 19 20 ,-2.453751
268,5,20,4 6 13 14 19 ,4.878000
269,7,20,1 8 11 14 15 16 19 ,-2.974286
270,18,20,1 2 3 4 5 6 7 8 10 11 12 14 15 16 17 18 19 20 ,-3.598333
271,17,20,1 2 3 4 6 7 8 9 10 11 12 14 15 16 18 19 20 ,-6.098233
272,5,20,2 8 9 16 20 ,-3.470000
273,19,20,1 2 3 5 6 7 8 9 10 11 12 13 14 15 16 17 18 19 20 ,-1.994737
274,3,20,1 16 20 ,-2.996667
275,14,20,1 2 3 5 6 8 10 11 13 14 16 17 19 20 ,-3.783573
276,10,20,1 4 7 8 9 10 13 14 16 20 ,-1.933001
277,19,20,2 3 4 5 6 7 8 9 10 11 12 13 14 15 16 17 18 19 20 ,-1.550000
278,3,20,1 3 11 ,2.053334
279,14,20,1 3 4 6 7 9 10 11 13 15 16 17 18 19 ,-1.549286
280,11,20,3 4 5 6 7 11 13 14 15 17 18 ,2.745454
281,18,20,1 2 3 4 5 6 7 8 10 11 13 14 15 16 17 18 19 20 ,-2.727222
282,13,20,1 2 3 4 6 8 9 10 11 12 14 16 17 ,-3.435384
283,3,20,10 16 18 ,-6.103333
284,6,20,2 8 9 14 16 20 ,-2.526666
285,14,20,1 3 5 6 9 10 11 12 14 15 16 18 19 20 ,-4.016428
286,2,20,9 14 ,2.645000
287,2,20,2 20 ,-1.685000
288,5,20,1 3 7 12 17 ,7.804000
289,4,20,8 10 12 16 ,-3.717500
290,16,20,1 2 3 4 7 8 10 11 12 13 14 15 16 18 19 20 ,-4.842501
291,15,20,1 3 4 6 7 8 9 10 11 12 13 14 15 16 17 ,-1.620666
292,7,20,1 5 7 12 14 17 19 ,3.357143
293,15,20,1 2 4 5 6 7 8 9 10 12 15 17 18 19 20 ,-5.514667
294,2,20,10 15 ,-4.770000
295,14,20,1 3 4 5 6 10 11 12 13 14 15 16 17 18 ,-1.882857
296,3,20,2 9 13 ,-3.086667
297,13,20,2 3 4 6 7 10 12 13 14 15 16 18 20 ,-3.346923
298,20,20,1 2 3 4 5 6 7 8 9 10 11 12 13 14 15 16 17 18 19 20 ,-2.375500
299,6,20,6 7 11 13 16 19 ,0.123333
300,17,20,1 2 4 5 6 8 9 10 11 12 14 15 16 17 18 19 20 ,-3.758824
301,11,20,1 4 7 8 11 12 13 14 16 17 18 ,1.046363
302,10,20,6 7 10 11 13 14 15 16 17 20 ,-0.755000
303,11,20,2 3 4 5 9 10 13 14 15 17 18 ,-0.982727
304,12,20,3 6 7 8 10 11 13 14 17 18 19 20 ,-4.390834
305,2,20,15 18 ,2.830000
306,7,20,2 4 8 9 15 17 19 ,-2.777142
307,7,20,3 4 6 9 15 16 19 ,-6.797142
308,5,20,1 4 10 14 16 ,-5.980000
309,5,20,5 6 10 18 19 ,2.630000
310,9,20,3 6 8 9 10 13 16 19 20 ,-5.717778
311,6,20,2 4 9 12 14 16 ,-2.390000
312,15,20,2 3 4 5 6 7 8 11 12 14 15 16 17 18 19 ,-0.408001
313,17,20,1 2 3 4 6 7 8 9 10 12 13 14 15 16 18 19 20 ,-7.091762
314,19,20,1 2 3 4 5 6 8 9 10 11 12 13 14 15 16 17 18 19 20 ,-2.631580
315,3,20,5 14 16 ,2.343333
316,6,20,2 6 10 13 16 18 ,0.613333
317,17,20,1 3 5 6 7 8 9 10 11 12 14 15 16 17 18 19 20 ,-3.008235
318,10,20,5 8 9 12 13 14 15 17 19 20 ,2.331000
319,13,20,4 5 6 7 9 10 12 13 15 16 17 19 20 ,0.963077
320,14,20,1 3 4 6 8 9 10 11 12 14 15 18 19 20 ,-2.642143
321,18,20,1 2 3 4 5 6 7 8 9 10 11 13 14 15 16 17 18 19 ,-2.533888
322,3,20,2 13 20 ,-3.820000
323,5,20,1 14 15 16 17 ,-1.548000
324,11,20,3 4 5 7 8 9 11 16 17 18 19 ,-1.463637
325,6,20,1 5 7 9 10 20 ,-4.934999
326,7,20,2 9 11 12 14 15 17 ,3.994286
327,8,20,1 2 3 5 11 14 15 18 ,1.222500
328,17,20,1 2 3 4 5 7 8 9 10 12 13 14 15 17 18 19 20 ,-2.988824
329,19,20,1 2 3 4 5 6 7 8 9 10 11 12 13 14 15 16 18 19 20 ,-3.171052
330,18,20,1 2 3 4 5 6 9 10 11 12 13 14 15 16 17 18 19 20 ,-1.656667
331,13,20,1 3 6 7 8 9 10 11 13 14 16 17 18 ,-1.563077
332,4,20,4 9 16 18 ,-2.287500
333,3,20,2 10 16 ,1.006667
334,12,20,1 2 3 4 5 6 10 12 13 14 15 16 ,-1.735000
335,17,20,1 3 4 5 6 7 8 10 11 13 14 15 16 17 18 19 20 ,-2.157648
336,12,20,2 4 7 8 9 11 12 13 14 18 19 20 ,-2.296667
337,13,20,2 6 7 8 9 10 13 14 16 17 18 19 20 ,-7.406154
338,7,20,6 7 10 11 13 14 17 ,-0.644286
339,14,20,1 2 3 4 5 6 7 8 9 13 14 15 19 20 ,-5.108572
340,2,20,4 8 ,3.975000
341,20,20,1 2 3 4 5 6 7 8 9 10 11 12 13 14 15 16 17 18 19 20 ,-2.375500
342,5,20,5 8 9 19 20 ,-7.026000
343,12,20,1 2 3 4 5 6 8 10 15 18 19 20 ,-5.564167
344,11,20,1 2 8 9 11 12 13 15 17 19 20 ,3.048182
345,9,20,2 7 9 10 11 12 15 18 20 ,1.688889
346,18,20,1 2 3 4 5 6 7 8 9 10 11 12 13 15 17 18 19 20 ,-1.561111
347,5,20,2 4 5 11 17 ,-2.674000
348,18,20,1 2 3 4 5 6 7 8 9 11 12 13 14 16 17 18 19 20 ,-1.860555
349,14,20,1 4 5 6 7 8 10 11 12 13 15 16 18 20 ,-0.270000
350,5,20,4 6 7 12 15 ,0.716000
351,6,20,1 2 3 5 11 16 ,-1.993333
352,15,20,1 2 3 4 5 6 7 10 12 13 14 15 16 19 20 ,-1.375333
353,20,20,1 2 3 4 5 6 7 8 9 10 11 12 13 14 15 16 17 18 19 20 ,-2.375500
354,13,20,2 3 5 8 9 10 11 12 15 17 18 19 20 ,-3.558461
355,11,20,1 2 3 6 8 10 15 16 17 18 20 ,-6.788183
356,17,20,1 2 3 4 5 6 7 8 10 12 13 14 15 16 18 19 20 ,-3.514707
357,14,20,3 5 7 8 9 10 11 12 13 14 17 18 19 20 ,-2.242857
358,11,20,1 5 6 7 9 12 13 15 17 18 20 ,5.159091
359,18,20,1 2 4 5 6 7 8 9 10 11 12 13 14 15 16 17 19 20 ,-0.902778
360,16,20,1 2 3 4 5 6 7 10 11 12 14 15 16 18 19 20 ,-2.436249
361,17,20,1 2 4 5 6 8 9 10 11 12 13 15 16 17 18 19 20 ,-2.041765
362,19,20,1 2 3 4 5 6 7 8 9 10 11 12 13 14 15 16 17 18 20 ,-1.276843
363,17,20,1 2 3 4 5 7 8 9 10 11 12 13 14 15 16 17 19 ,-1.245294
364,9,20,2 4 5 7 8 13 15 16 17 ,4.773334
365,10,20,1 3 4 7 8 10 11 12 14 19 ,-2.046001
366,7,20,2 3 7 14 17 19 20 ,-5.630001
367,15,20,1 2 3 4 5 6 7 8 9 11 14 16 17 19 20 ,-6.076664
368,15,20,1 3 4 5 6 8 10 11 12 13 15 17 18 19 20 ,-0.027333
369,17,20,1 2 3 5 6 7 8 10 11 12 13 14 16 17 18 19 20 ,-2.520588
370,3,20,6 10 14 ,3.956667
371,9,20,2 3 4 5 8 10 12 14 16 ,-0.422222
372,11,20,1 2 5 7 11 12 13 15 18 19 20 ,6.599091
373,11,20,1 2 3 4 7 8 9 10 11 13 19 ,-4.061819
374,12,20,1 4 5 6 7 8 9 12 13 15 18 20 ,0.073333
375,14,20,1 3 4 5 6 7 8 9 11 12 13 14 15 17 ,1.667857
376,19,20,1 2 3 5 6 7 8 9 10 11 12 13 14 15 16 17 18 19 20 ,-1.994737
377,10,20,2 3 4 5 8 9 12 13 18 20 ,-1.290000
378,11,20,3 5 6 8 10 11 12 13 17 18 20 ,-1.840000
379,8,20,1 2 4 13 14 15 16 19 ,-1.882499
380,6,20,3 4 6 11 16 19 ,-3.581666
381,13,20,1 4 5 8 9 10 11 12 14 15 16 18 19 ,-3.082307
382,20,20,1 2 3 4 5 6 7 8 9 10 11 12 13 14 15 16 17 18 19 20 ,-2.375500
383,6,20,4 6 8 12 14 17 ,2.010000
384,17,20,1 2 3 4 5 6 7 8 10 11 13 14 15 16 18 19 20 ,-3.411765
385,18,20,1 2 3 4 5 6 7 8 9 11 12 13 14 15 16 18 19 20 ,-0.965000
386,8,20,3 4 7 11 13 16 18 20 ,-0.646250
387,5,20,2 5 7 8 16 ,1.222000
388,8,20,2 5 9 11 13 15 18 20 ,5.990000
389,20,20,1 2 3 4 5 6 7 8 9 10 11 12 13 14 15 16 17 18 19 20 ,-2.375500
390,5,20,1 7 14 15 16 ,-1.536000
391,2,20,1 15 ,2.020000
392,12,20,2 3 5 6 7 9 12 13 14 16 18 20 ,0.222500
393,11,20,1 2 3 5 8 10 12 13 15 16 19 ,-0.726364
394,7,20,1 2 6 7 9 13 15 ,-2.958571
395,3,20,6 19 20 ,-4.476667
396,9,20,2 3 4 5 7 8 13 18 19 ,-0.736667
397,9,20,1 2 4 5 7 9 13 17 19 ,-5.377778
398,7,20,2 9 13 15 16 18 20 ,1.484285
399,9,20,3 6 8 9 11 13 15 18 20 ,0.272223
400,20,20,1 2 3 4 5 6 7 8 9 10 11 12 13 14 15 16 17 18 19 20 ,-2.375500
401,10,20,1 2 4 6 9 11 13 15 16 20 ,-0.119000
402,13,20,5 6 7 8 10 11 13 15 16 17 18 19 20 ,-0.116154
403,15,20,1 2 3 4 6 9 11 12 13 15 16 17 18 19 20 ,0.229333
404,5,20,1 5 6 19 20 ,-5.694000
405,5,20,2 4 11 15 19 ,0.944000
406,5,20,2 4 10 13 18 ,-3.276000
407,20,20,1 2 3 4 5 6 7 8 9 10 11 12 13 14 15 16 17 18 19 20 ,-2.375500
408,13,20,1 2 5 6 8 9 11 12 14 15 16 17 18 ,2.000770
409,4,20,1 8 9 13 ,4.252500
410,13,20,1 2 4 5 6 7 9 11 12 13 16 18 20 ,1.376154
411,11,20,1 2 6 9 11 12 13 15 16 17 18 ,7.677273
412,8,20,2 3 4 7 9 10 19 20 ,-8.008751
413,10,20,1 3 4 7 12 13 14 17 18 19 ,0.176000
414,11,20,1 4 7 8 10 11 12 13 15 19 20 ,0.933636
415,4,20,9 15 16 18 ,4.480000
416,2,20,3 6 ,-4.805000
417,13,20,1 2 3 4 5 6 9 11 13 14 15 17 18 ,2.007692
418,11,20,1 2 3 9 11 13 14 15 18 19 20 ,2.031818
419,20,20,1 2 3 4 5 6 7 8 9 10 11 12 13 14 15 16 17 18 19 20 ,-2.375500
420,14,20,1 2 4 5 6 7 8 11 12 13 14 16 17 20 ,1.262142
421,20,20,1 2 3 4 5 6 7 8 9 10 11 12 13 14 15 16 17 18 19 20 ,-2.375500
422,3,20,8 10 12 ,-4.170000
423,2,20,11 16 ,-3.685000
424,8,20,1 3 4 8 10 12 15 20 ,-1.386250
425,6,20,4 6 12 13 14 20 ,2.120000
426,9,20,3 5 6 9 11 13 14 15 17 ,-1.954444
427,15,20,1 2 3 4 6 7 8 9 10 11 13 14 15 18 19 ,-3.582667
428,4,20,2 4 14 19 ,-1.507500
429,15,20,1 2 3 5 7 8 9 11 12 14 15 16 18 19 20 ,-1.042000
430,8,20,2 4 5 7 9 13 14 20 ,-4.281250
431,20,20,1 2 3 4 5 6 7 8 9 10 11 12 13 14 15 16 17 18 19 20 ,-2.375500
432,10,20,1 2 4 5 8 11 13 18 19 20 ,-0.322000
433,18,20,1 2 4 5 6 7 8 9 11 12 13 14 15 16 17 18 19 20 ,0.797778
434,17,20,1 4 5 6 7 9 10 11 12 13 14 15 16 17 18 19 20 ,1.124706
435,16,20,1 2 4 5 6 7 8 10 11 12 14 15 17 18 19 20 ,-0.491251
436,4,20,6 7 13 17 ,0.470000
437,11,20,1 4 6 8 9 10 13 15 16 18 20 ,-3.577273
438,16,20,1 3 5 6 7 8 9 10 11 12 13 16 17 18 19 20 ,-2.030625
439,8,20,1 3 4 5 8 12 18 20 ,0.178750
440,3,20,4 10 13 ,1.083333
441,6,20,1 6 8 11 13 16 ,1.520000
442,2,20,3 4 ,-0.875000
443,9,20,1 3 5 6 9 10 13 18 19 ,-4.053333
444,5,20,5 7 12 16 19 ,4.694000
445,13,20,2 3 5 6 7 10 11 12 15 16 17 18 20 ,2.960001
446,14,20,1 5 8 9 10 11 12 13 15 16 17 18 19 20 ,-0.114285
447,14,20,1 2 3 6 8 10 11 12 14 15 16 17 19 20 ,-5.006429
448,12,20,1 3 4 6 7 10 12 14 15 18 19 20 ,-3.519167
449,17,20,1 2 3 6 7 8 9 11 12 13 14 15 16 17 18 19 20 ,-0.554118
450,9,20,1 2 4 9 10 12 16 18 19 ,-11.334442
451,19,20,1 2 3 4 5 6 7 8 9 10 12 13 14 15 16 17 18 19 20 ,-3.989472
452,15,20,1 2 5 6 8 9 10 11 12 13 14 15 16 17 19 ,0.134000
453,4,20,2 3 6 18 ,3.370000
454,6,20,3 6 8 9 11 14 ,-0.920000
455,13,20,2 4 7 8 9 10 11 12 13 15 16 17 19 ,0.463077
456,4,20,5 13 16 18 ,6.777500
457,13,20,1 2 3 7 10 11 12 13 15 16 17 18 19 ,0.929231
458,6,20,1 3 4 5 11 19 ,-3.089999
459,9,20,1 3 6 9 11 12 13 17 18 ,8.145557
460,7,20,2 3 8 9 10 12 13 ,-2.365715
461,7,20,2 3 4 6 7 14 16 ,-3.207143
462,13,20,2 3 4 7 8 9 10 11 13 14 16 18 20 ,-4.309231
463,5,20,3 6 10 13 14 ,-5.352000
464,15,20,1 3 5 7 8 9 10 11 12 13 14 16 18 19 20 ,-2.604667
465,13,20,1 2 4 6 10 11 12 13 15 17 18 19 20 ,1.197692
466,2,20,10 20 ,1.035000
467,6,20,5 6 15 17 19 20 ,0.113333
468,5,20,2 3 9 11 14 ,-1.746000
469,16,20,1 2 4 5 9 10 11 12 13 14 15 16 17 18 19 20 ,-1.608125
470,9,20,3 5 6 7 9 11 12 13 17 ,1.921111
471,7,20,3 4 10 11 12 14 18 ,-6.160001
472,6,20,2 6 7 9 10 18 ,-1.486667
473,20,20,1 2 3 4 5 6 7 8 9 10 11 12 13 14 15 16 17 18 19 20 ,-2.375500
474,12,20,1 3 4 6 7 8 11 16 17 18 19 20 ,-3.328333
475,19,20,1 2 3 4 5 6 7 8 9 10 11 13 14 15 16 17 18 19 20 ,-3.458947
476,18,20,1 2 3 4 5 6 7 8 9 10 12 14 15 16 17 18 19 20 ,-5.648888
477,3,20,3 15 19 ,-1.603333
478,13,20,1 3 4 5 8 10 12 13 14 15 18 19 20 ,0.377692
479,18,20,1 2 3 4 5 6 7 8 9 10 13 14 15 16 17 18 19 20 ,-5.015555
480,13,20,1 3 4 5 6 8 9 14 15 16 17 18 20 ,-3.792308
481,16,20,1 2 3 4 5 6 7 8 9 10 11 13 14 17 18 19 ,-3.638123
482,3,20,3 18 19 ,-0.833333
483,5,20,10 11 18 19 20 ,-3.918000
484,14,20,1 3 4 5 7 8 9 10 11 12 13 17 18 19 ,-0.230000
485,18,20,1 2 3 4 5 6 7 8 10 11 12 13 14 15 16 17 18 20 ,-1.002223
486,14,20,1 4 5 6 8 9 11 12 13 14 15 16 17 20 ,2.225000
487,12,20,1 3 5 7 8 9 11 12 15 18 19 20 ,1.538333
488,18,20,1 2 3 4 5 6 8 9 10 12 13 14 15 16 17 18 19 20 ,-3.908889
489,16,20,1 2 4 5 6 9 11 12 13 14 15 16 17 18 19 20 ,1.527501
490,10,20,1 2 4 5 6 7 11 15 17 18 ,5.755000
491,7,20,1 2 8 14 18 19 20 ,-9.171430
492,14,20,1 2 5 6 8 9 11 12 14 15 17 18 19 20 ,0.554286
493,3,20,1 6 13 ,-1.850000
494,7,20,2 3 9 10 12 19 20 ,-4.855714
495,12,20,1 3 4 5 6 7 11 12 15 16 17 20 ,2.847500
496,17,20,2 4 5 7 8 9 10 11 12 13 14 15 16 17 18 19 20 ,-0.631176
497,11,20,2 8 10 11 12 13 15 16 18 19 20 ,-5.524547
498,16,20,1 2 3 5 6 7 8 9 10 11 13 15 16 17 18 20 ,-0.957501
499,15,20,1 3 4 5 6 7 8 10 11 12 13 14 15 19 20 ,-0.300666
500,2,20,8 11 ,2.085000
501,18,20,1 2 3 4 5 7 8 9 10 11 12 13 15 16 17 18 19 20 ,-1.627778
502,16,20,1 2 3 4 5 6 7 9 11 12 13 15 16 17 18 20 ,3.782501
503,10,20,1 2 4 5 7 9 11 13 15 16 ,2.547001
504,3,20,9 14 17 ,-0.436667
505,4,20,13 16 18 20 ,-3.835000
506,17,20,2 3 4 5 6 7 8 9 10 11 13 14 15 17 18 19 20 ,-2.160001
507,16,20,1 3 5 6 7 8 9 10 11 12 13 14 15 18 19 20 ,-1.944375
508,8,20,1 2 3 4 12 15 18 19 ,-2.826250
509,9,20,3 4 5 7 9 12 13 15 16 ,2.656667
510,5,20,3 4 11 12 13 ,0.526000
511,13,20,1 2 3 4 6 7 9 12 14 15 16 19 20 ,-6.206151
512,17,20,2 3 5 6 7 8 9 10 11 12 14 15 16 17 18 19 20 ,-2.618824
513,18,20,1 2 3 4 5 8 9 10 11 12 13 14 15 16 17 18 19 20 ,-2.746111
514,10,20,1 2 4 5 8 12 13 15 17 18 ,1.237000
515,10,20,1 2 3 4 5 7 10 12 13 18 ,-0.706000
516,10,20,1 2 3 5 7 9 10 13 15 17 ,0.193000
517,20,20,1 2 3 4 5 6 7 8 9 10 11 12 13 14 15 16 17 18 19 20 ,-2.375500
518,2,20,11 15 ,-2.780000
519,4,20,1 2 8 10 ,-5.882501
520,4,20,3 4 10 11 ,-6.040000
521,19,20,1 2 3 4 5 7 8 9 10 11 12 13 14 15 16 17 18 19 20 ,-2.191579
522,3,20,1 14 19 ,-1.883333
523,15,20,1 2 3 4 5 6 7 8 11 12 14 15 17 18 20 ,1.912666
524,13,20,3 4 5 6 7 8 9 10 11 15 16 17 20 ,-2.990000
525,10,20,1 5 6 7 9 12 13 16 18 19 ,-0.033000
526,4,20,2 6 10 19 ,1.812500
527,13,20,1 2 4 7 8 9 11 12 15 16 17 18 20 ,0.509231
528,5,20,1 2 12 15 18 ,1.892000
529,14,20,2 4 6 9 10 11 12 13 14 15 16 18 19 20 ,-1.623571
530,15,20,1 3 4 5 6 7 8 9 10 11 12 14 15 16 20 ,-3.015333
531,19,20,1 2 3 4 6 7 8 9 10 11 12 13 14 15 16 17 18 19 20 ,-3.720526
532,15,20,1 2 3 4 6 7 8 9 11 12 14 16 17 18 20 ,-1.758666
533,7,20,1 5 7 12 13 14 19 ,2.941429
534,10,20,1 2 5 10 11 14 15 16 18 19 ,-4.151000
535,14,20,1 3 5 7 9 10 11 12 13 15 16 18 19 20 ,-0.695714
536,12,20,1 2 5 6 8 9 12 14 15 16 17 18 ,-0.015000
537,16,20,1 2 3 4 6 7 8 9 10 11 12 13 15 16 18 20 ,-3.261875
538,5,20,1 2 10 13 20 ,-2.928000
539,19,20,1 2 3 4 5 6 7 8 9 10 11 12 13 14 15 16 17 18 19 ,-1.546842
540,3,20,2 10 18 ,-3.020000
541,2,20,9 19 ,-3.965000
542,10,20,1 2 3 7 8 11 13 14 15 20 ,1.153000
543,14,20,1 3 5 6 7 8 9 10 12 15 16 17 19 20 ,-5.077857
544,6,20,2 4 6 7 12 17 ,2.426667
545,5,20,1 4 12 13 17 ,2.440000
546,17,20,1 3 4 5 6 7 8 9 10 12 13 14 15 16 17 18 19 ,-1.725294
547,10,20,1 3 6 7 8 9 15 18 19 20 ,-7.584000
548,8,20,1 3 7 9 11 14 16 19 ,-5.333750
549,8,20,1 2 6 8 11 17 18 19 ,-0.210000
550,5,20,7 9 10 16 19 ,-2.716000
551,2,20,1 12 ,2.115000
552,16,20,2 3 4 6 7 8 10 11 12 13 15 16 17 18 19 20 ,-3.040000
553,4,20,8 10 14 19 ,2.900000
554,17,20,1 2 3 4 5 6 7 8 9 11 12 13 16 17 18 19 20 ,-1.455295
555,11,20,1 4 7 8 9 11 12 13 15 17 18 ,7.801819
556,15,20,1 2 3 5 6 8 9 10 12 13 14 15 17 18 20 ,-2.240001
557,7,20,3 11 13 14 16 18 20 ,-4.015715
558,4,20,1 13 16 17 ,6.582500
559,8,20,1 5 9 11 14 16 18 19 ,-1.042500
560,14,20,1 3 4 6 7 8 9 10 11 12 14 15 19 20 ,-3.065001
561,11,20,1 3 5 7 9 11 12 14 16 19 20 ,-1.363637
562,4,20,3 10 16 17 ,-1.437500
563,4,20,4 8 11 14 ,3.407500
564,4,20,6 9 14 15 ,1.945000
565,14,20,2 3 5 6 7 8 9 13 14 15 16 18 19 20 ,-3.092142
566,11,20,2 3 5 6 7 8 9 10 12 14 19 ,-3.831819
567,12,20,2 4 5 7 8 11 12 13 15 17 18 20 ,3.780833
568,4,20,2 17 19 20 ,-7.615000
569,4,20,1 15 17 18 ,6.710000
570,16,20,1 2 3 4 7 8 9 10 11 12 13 15 17 18 19 20 ,-1.705001
571,4,20,8 10 16 17 ,-1.255000
572,16,20,1 2 3 4 5 6 7 8 9 12 14 15 16 17 18 20 ,-2.205001
573,19,20,1 3 4 5 6 7 8 9 10 11 12 13 14 15 16 17 18 19 20 ,-1.563158
574,10,20,1 2 4 8 9 11 14 16 19 20 ,-4.808000
575,7,20,4 5 7 10 11 15 16 ,-0.682857
576,11,20,1 2 4 6 7 10 13 14 17 19 20 ,-4.219999
577,2,20,9 12 ,1.240000
578,4,20,1 10 16 20 ,-3.237500
579,7,20,2 5 6 8 16 19 20 ,-5.517143
580,16,20,2 3 5 6 7 9 10 11 12 13 14 15 17 18 19 20 ,0.685626
581,17,20,2 3 4 5 6 7 9 10 11 12 14 15 16 17 18 19 20 ,-1.106471
582,6,20,1 3 5 8 10 11 ,-6.441667
583,2,20,1 8 ,-0.010000
584,16,20,1 3 4 5 6 8 9 10 11 13 15 16 17 18 19 20 ,-2.700625
585,19,20,1 2 4 5 6 7 8 9 10 11 12 13 14 15 16 17 18 19 20 ,-1.124737
586,12,20,3 4 7 8 9 13 14 15 16 17 18 20 ,-0.344167
587,2,20,8 11 ,2.085000
588,18,20,1 2 3 4 5 6 7 8 10 11 12 14 15 16 17 18 19 20 ,-3.598333
589,17,20,2 3 4 5 6 7 8 9 10 11 13 14 15 16 17 18 20 ,-1.635883
590,10,20,5 7 9 10 11 14 15 18 19 20 ,0.877000
591,15,20,1 2 3 4 5 6 8 9 10 11 12 16 17 18 19 ,-5.006666
592,15,20,1 2 3 4 7 8 9 10 11 12 14 16 17 19 20 ,-5.106000
593,20,20,1 2 3 4 5 6 7 8 9 10 11 12 13 14 15 16 17 18 19 20 ,-2.375500
594,18,20,2 3 4 5 6 7 8 9 10 11 13 14 15 16 17 18 19 20 ,-2.412779
595,19,20,1 2 3 4 5 6 7 8 9 10 12 13 14 15 16 17 18 19 20 ,-3.989472
596,11,20,2 4 5 7 8 10 11 12 13 14 20 ,0.995455
597,6,20,5 6 10 15 19 20 ,-0.301667
598,17,20,1 2 3 4 5 6 8 9 11 12 13 14 15 16 17 18 20 ,0.510000
599,2,20,2 10 ,1.195000
600,7,20,1 2 8 11 12 18 19 ,-1.531429
601,14,20,1 3 5 8 9 10 11 12 13 14 17 18 19 20 ,-1.200714
602,6,20,1 4 5 12 16 18 ,-4.026667
603,20,20,1 2 3 4 5 6 7 8 9 10 11 12 13 14 15 16 17 18 19 20 ,-2.375500
604,20,20,1 2 3 4 5 6 7 8 9 10 11 12 13 14 15 16 17 18 19 20 ,-2.375500
605,15,20,1 2 3 4 6 7 8 9 10 11 12 13 15 17 20 ,-0.928000
606,13,20,3 5 6 7 9 10 12 14 16 17 18 19 20 ,-1.905385
607,9,20,1 2 4 9 10 11 12 16 17 ,-3.565555
608,15,20,1 2 3 4 5 6 8 10 11 12 14 15 18 19 20 ,-2.020667
609,19,20,1 2 3 4 5 6 7 8 9 10 12 13 14 15 16 17 18 19 20 ,-3.989472
610,3,20,4 8 18 ,-3.460000
611,4,20,14 16 17 18 ,-4.957500
612,18,20,1 2 3 4 5 6 8 9 10 11 12 14 15 16 17 18 19 20 ,-4.845000
613,2,20,4 10 ,1.990000
614,18,20,1 2 3 4 6 7 8 9 10 11 12 14 15 16 17 18 19 20 ,-5.168890
615,15,20,3 4 5 6 8 9 11 12 14 15 16 17 18 19 20 ,-1.344000
616,3,20,3 6 7 ,-6.806667
617,8,20,1 3 6 13 14 15 16 19 ,-3.882500
618,17,20,1 2 3 4 5 6 8 9 10 11 12 14 15 16 17 18 20 ,-3.810589
619,20,20,1 2 3 4 5 6 7 8 9 10 11 12 13 14 15 16 17 18 19 20 ,-2.375500
620,15,20,3 5 6 7 8 10 11 12 13 14 15 16 17 19 20 ,-1.492667
621,12,20,1 2 3 6 7 11 12 13 16 17 18 19 ,3.982500
622,12,20,1 3 6 7 8 9 11 12 13 15 16 19 ,-1.084166
623,8,20,2 6 8 9 10 11 14 15 ,0.673750
624,10,20,5 9 12 13 14 15 16 17 18 20 ,4.086999
625,12,20,2 4 6 7 8 10 11 13 14 15 16 19 ,-0.462500
626,13,20,1 3 4 5 7 8 9 10 12 13 15 18 19 ,-1.838462
627,13,20,3 4 5 6 8 11 12 13 14 16 18 19 20 ,1.033077
628,13,20,1 2 4 5 6 7 8 12 13 14 16 17 18 ,-0.576154
629,17,20,1 2 3 4 5 6 7 8 10 12 13 14 15 16 17 18 19 ,-2.246471
630,3,20,6 15 18 ,2.293333
631,9,20,2 3 6 7 11 12 13 17 20 ,4.124445
632,7,20,5 10 14 15 17 18 19 ,1.782857
633,5,20,1 2 7 15 18 ,3.710000
634,15,20,1 2 3 4 6 7 8 10 11 12 14 15 16 17 18 ,-4.712667
635,5,20,2 3 10 15 20 ,0.296000
636,8,20,1 4 6 10 11 14 17 20 ,1.818750
637,4,20,11 14 17 19 ,-0.155000
638,16,20,1 2 3 4 5 7 9 10 11 12 13 14 17 18 19 20 ,-2.670625
639,14,20,2 4 6 7 8 10 12 13 14 16 17 18 19 20 ,-5.769286
640,15,20,3 4 6 7 8 9 10 11 12 13 14 15 17 18 20 ,-1.380000
641,15,20,1 2 3 6 7 9 10 11 12 13 14 16 17 18 20 ,-1.469333
642,6,20,5 9 11 12 16 17 ,3.405000
643,20,20,1 2 3 4 5 6 7 8 9 10 11 12 13 14 15 16 17 18 19 20 ,-2.375500
644,4,20,5 9 10 12 ,-1.225000
645,20,20,1 2 3 4 5 6 7 8 9 10 11 12 13 14 15 16 17 18 19 20 ,-2.375500
646,16,20,1 2 4 5 7 8 9 10 12 14 15 16 17 18 19 20 ,-5.172500
647,8,20,2 3 5 9 12 13 14 19 ,1.076250
648,11,20,2 6 7 8 10 11 12 13 16 17 19 ,0.247272
649,4,20,3 12 13 20 ,1.672500
650,18,20,1 2 4 5 6 7 8 9 10 11 12 13 14 15 17 18 19 20 ,-0.262778
651,7,20,5 6 8 9 10 11 12 ,-1.494285
652,9,20,2 3 4 5 6 9 14 15 16 ,-2.054444
653,6,20,1 4 9 14 16 17 ,-3.848334
654,12,20,1 3 4 5 6 7 9 10 12 13 14 15 ,-3.758333
655,20,20,1 2 3 4 5 6 7 8 9 10 11 12 13 14 15 16 17 18 19 20 ,-2.375500
656,20,20,1 2 3 4 5 6 7 8 9 10 11 12 13 14 15 16 17 18 19 20 ,-2.375500
657,20,20,1 2 3 4 5 6 7 8 9 10 11 12 13 14 15 16 17 18 19 20 ,-2.375500
658,2,20,4 6 ,3.240000
659,19,20,1 2 3 5 6 7 8 9 10 11 12 13 14 15 16 17 18 19 20 ,-1.994737
660,14,20,2 3 4 6 7 8 11 12 13 14 15 17 18 19 ,1.370714
661,4,20,2 6 10 20 ,2.590000
662,5,20,6 11 12 15 18 ,3.838001
663,19,20,1 2 3 4 5 6 7 8 10 11 12 13 14 15 16 17 18 19 20 ,-1.755790
664,14,20,1 2 3 7 8 9 10 11 12 15 16 18 19 20 ,-5.367859
665,12,20,4 6 9 10 11 12 13 14 15 16 18 20 ,-1.302500
666,6,20,1 3 7 9 14 17 ,-2.396667
667,18,20,1 2 3 4 5 6 7 8 9 10 11 12 13 15 16 17 18 20 ,-0.721111
668,14,20,1 2 3 4 5 7 8 12 14 16 17 18 19 20 ,-5.307144
669,6,20,5 8 14 18 19 20 ,-2.133333
670,11,20,1 2 5 6 7 8 10 12 16 17 18 ,-2.035455
671,12,20,2 3 4 5 7 8 9 11 12 13 14 20 ,0.372499
672,13,20,1 2 3 5 6 9 13 14 16 17 18 19 20 ,-4.102307
673,6,20,4 6 8 16 17 18 ,-3.310000
674,18,20,1 2 3 4 5 6 7 8 9 11 12 13 14 15 16 17 18 19 ,0.906666
675,4,20,1 4 6 7 ,-4.177500
676,15,20,1 5 6 7 8 9 12 13 14 15 16 17 18 19 20 ,0.585334
677,2,20,6 16 ,-0.230000
678,8,20,3 4 6 9 10 13 14 16 ,-3.115000
679,16,20,1 2 3 4 5 6 7 9 11 12 14 15 16 17 18 19 ,-0.041249
680,8,20,1 4 6 8 11 16 17 20 ,0.070000
681,16,20,1 2 3 4 7 8 9 10 11 12 13 15 16 18 19 20 ,-4.223752
682,8,20,4 6 7 8 9 11 14 15 ,2.987500
683,11,20,2 3 6 7 8 9 12 15 17 18 19 ,-2.517273
684,3,20,6 10 18 ,1.153334
685,18,20,1 2 3 4 6 7 8 9 10 11 12 13 14 15 16 17 18 19 ,-2.817779
686,12,20,5 6 7 8 9 11 13 15 16 17 19 20 ,0.906667
687,18,20,1 2 3 4 5 6 7 8 9 10 11 12 14 15 16 17 18 20 ,-2.496667
688,18,20,1 3 4 6 7 8 9 10 11 12 13 14 15 16 17 18 19 20 ,-2.730000
689,11,20,2 3 4 5 7 9 10 15 17 19 20 ,-3.504545
690,12,20,1 2 3 6 8 9 10 13 14 15 16 17 ,-3.245833
691,16,20,1 2 3 4 5 7 8 9 11 13 14 16 17 18 19 20 ,-3.376876
692,4,20,3 7 16 19 ,-3.930000
693,14,20,1 4 5 6 8 9 10 11 13 14 15 18 19 20 ,0.612143
694,14,20,1 2 3 6 7 8 9 11 12 13 14 16 18 20 ,-1.152857
695,8,20,1 3 4 9 10 14 16 19 ,-7.186250
696,14,20,1 3 4 6 7 8 9 11 12 13 14 15 18 19 ,1.280715
697,16,20,3 4 5 6 7 10 11 12 13 14 15 16 17 18 19 20 ,0.363125
698,12,20,5 7 8 10 12 13 15 16 17 18 19 20 ,-0.710833
699,8,20,4 6 7 8 9 13 14 15 ,0.806250
700,18,20,1 2 3 4 5 6 7 8 10 11 12 13 14 15 16 18 19 20 ,-2.475555
701,5,20,4 6 12 14 15 ,2.670000
702,14,20,1 2 3 4 5 6 7 9 10 12 14 16 19 20 ,-5.552856
703,12,20,2 4 5 7 8 10 11 12 13 16 18 20 ,-0.711666
704,9,20,2 3 4 5 6 10 13 15 17 ,1.337778
705,12,20,2 3 7 8 10 11 13 14 16 17 18 20 ,-5.618333
706,17,20,1 2 3 4 5 6 7 8 9 10 11 12 13 14 15 17 20 ,-1.241765
707,13,20,3 4 5 6 7 8 10 11 13 15 16 18 20 ,-2.102308
708,7,20,1 4 7 9 12 13 14 ,-2.620000
709,16,20,1 2 3 4 6 7 8 9 10 11 12 13 14 15 19 20 ,-3.338750
710,20,20,1 2 3 4 5 6 7 8 9 10 11 12 13 14 15 16 17 18 19 20 ,-2.375500
711,10,20,2 5 6 7 8 9 12 14 15 19 ,0.266000
712,15,20,2 3 4 6 8 9 10 11 13 14 15 16 17 18 20 ,-2.811334
713,8,20,1 6 7 11 13 16 19 20 ,-2.512500
714,19,20,1 2 3 4 5 6 7 8 10 11 12 13 14 15 16 17 18 19 20 ,-1.755790
715,14,20,1 2 3 5 7 8 9 10 11 12 13 14 19 20 ,-3.498572
716,20,20,1 2 3 4 5 6 7 8 9 10 11 12 13 14 15 16 17 18 19 20 ,-2.375500
717,19,20,1 2 3 4 5 6 7 8 9 10 11 12 13 14 16 17 18 19 20 ,-3.557368
718,20,20,1 2 3 4 5 6 7 8 9 10 11 12 13 14 15 16 17 18 19 20 ,-2.375500
719,15,20,1 2 3 4 6 7 9 11 13 14 16 17 18 19 20 ,-4.046666
720,14,20,1 2 3 4 5 7 11 12 14 15 16 18 19 20 ,-0.766429
721,8,20,1 2 5 7 9 11 13 15 ,4.742501
722,12,20,2 3 5 7 8 12 13 14 15 16 18 20 ,1.711666
723,3,20,3 12 19 ,2.450000
724,10,20,3 4 5 6 7 8 9 12 14 17 ,-0.834000
725,5,20,1 8 9 11 15 ,6.168000
726,9,20,3 4 5 9 12 13 14 17 18 ,0.791111
727,14,20,1 3 4 5 6 10 11 13 15 16 17 18 19 20 ,-0.945714
728,7,20,3 5 7 8 9 16 19 ,-2.668571
729,7,20,1 4 9 11 13 14 19 ,1.465715
730,14,20,1 2 5 6 7 10 11 13 14 15 17 18 19 20 ,2.394286
731,4,20,3 4 6 8 ,-1.107500
732,12,20,1 3 5 7 9 10 11 12 15 17 18 19 ,1.595833
733,6,20,1 2 5 13 14 20 ,-2.023334
734,16,20,1 2 3 4 5 6 7 8 9 11 13 14 15 17 18 19 ,0.310625
735,16,20,1 2 3 4 5 6 7 8 9 11 15 16 17 18 19 20 ,-3.883749
736,8,20,4 5 8 11 13 14 15 18 ,4.342500
737,3,20,1 2 19 ,-7.443333
738,4,20,3 6 8 14 ,-3.000000
739,16,20,1 2 3 6 7 8 9 10 11 12 13 14 15 16 18 19 ,-3.649376
740,7,20,6 8 9 10 11 16 19 ,-0.501428
741,4,20,1 6 7 17 ,2.637500
742,4,20,2 7 14 20 ,-3.402500
743,4,20,6 8 13 14 ,-0.270000
744,14,20,1 2 4 5 8 9 10 11 12 13 16 17 18 19 ,-2.529286
745,5,20,3 8 10 13 17 ,-0.940000
746,3,20,3 9 12 ,1.380000
747,11,20,1 2 3 4 5 7 8 9 10 14 15 ,-5.382727
748,13,20,2 4 6 7 8 9 10 11 13 14 15 18 20 ,-0.254616
749,15,20,2 3 5 7 8 9 10 11 13 14 15 16 17 18 19 ,-0.535333
750,19,20,1 2 3 4 5 6 7 8 9 10 11 12 13 14 15 16 17 19 20 ,-2.321053
751,14,20,2 5 6 8 9 10 12 13 14 15 16 17 18 20 ,-0.998572
752,14,20,2 5 6 9 10 11 12 13 14 16 17 18 19 20 ,-0.098572
753,16,20,1 2 3 4 5 6 7 9 11 12 13 15 16 18 19 20 ,0.035000
754,12,20,1 2 3 4 7 8 11 12 14 15 18 19 ,-1.473334
755,18,20,1 2 3 4 5 6 7 8 9 10 11 13 14 16 17 18 19 20 ,-4.931667
756,10,20,1 3 5 8 9 13 15 17 19 20 ,0.784000
757,14,20,1 2 6 8 9 10 12 13 14 15 16 17 18 20 ,-3.581429
758,16,20,1 3 4 5 7 8 9 10 12 13 14 15 17 18 19 20 ,-1.105625
759,4,20,1 11 16 19 ,-4.025000
760,12,20,2 3 4 6 9 10 11 13 14 15 17 20 ,-2.088333
761,2,20,3 8 ,0.565000
762,3,20,5 11 20 ,-0.313333
763,11,20,1 2 4 8 11 12 15 16 17 18 20 ,-3.838182
764,9,20,2 6 8 12 14 15 17 18 19 ,-1.271111
765,5,20,5 13 14 17 20 ,-2.146000
766,18,20,2 3 4 5 6 7 8 10 11 12 13 14 15 16 17 18 19 20 ,-1.076667
767,5,20,1 6 14 18 19 ,-0.436000
768,9,20,1 3 5 6 11 16 18 19 20 ,-3.242223
769,4,20,4 10 15 17 ,-1.687500
770,8,20,1 2 3 5 12 13 16 17 ,5.812500
771,11,20,1 3 4 5 6 8 9 10 15 16 20 ,-6.800000
772,15,20,1 2 4 5 6 7 8 9 11 12 14 15 18 19 20 ,0.386000
773,20,20,1 2 3 4 5 6 7 8 9 10 11 12 13 14 15 16 17 18 19 20 ,-2.375500
774,11,20,1 2 3 5 6 7 9 11 13 15 17 ,2.242728
775,4,20,1 16 17 18 ,-0.702500
776,19,20,1 2 3 5 6 7 8 9 10 11 12 13 14 15 16 17 18 19 20 ,-1.994737
777,4,20,6 10 14 15 ,-0.635000
778,3,20,6 12 16 ,0.253333
779,11,20,1 3 5 6 7 9 13 16 17 18 19 ,0.158182
780,14,20,1 3 4 6 7 8 11 12 13 15 16 17 19 20 ,1.136429
781,10,20,1 4 7 9 10 12 14 17 18 20 ,-3.242000
782,7,20,4 6 7 12 14 15 19 ,2.610000
783,10,20,1 3 7 9 11 12 14 18 19 20 ,0.632000
784,5,20,4 6 9 11 15 ,0.438000
785,18,20,2 3 4 5 6 7 8 10 11 12 13 14 15 16 17 18 19 20 ,-1.076667
786,4,20,3 7 10 12 ,-2.075000
787,14,20,1 2 3 4 7 8 9 10 12 13 15 17 18 19 ,-3.484285
788,11,20,2 3 9 10 12 15 16 17 18 19 20 ,-5.399091
789,11,20,2 5 6 7 8 9 10 12 14 15 17 ,0.368182
790,12,20,1 2 5 7 9 13 14 15 16 17 18 19 ,3.464167
791,16,20,1 2 3 4 5 6 7 8 12 13 14 15 16 17 18 19 ,-0.270000
792,11,20,5 9 10 11 12 13 14 15 17 18 20 ,1.202728
793,20,20,1 2 3 4 5 6 7 8 9 10 11 12 13 14 15 16 17 18 19 20 ,-2.375500
794,6,20,5 7 8 11 14 20 ,0.868333
795,5,20,2 3 10 11 14 ,-5.176000
796,18,20,1 2 3 4 5 6 7 8 9 11 13 14 15 16 17 18 19 20 ,-1.646666
797,16,20,1 3 4 5 7 8 9 10 11 12 13 14 15 16 17 20 ,0.202500
798,2,20,8 18 ,-4.760000
799,6,20,3 8 11 12 14 17 ,-0.983333
800,3,20,11 12 20 ,3.846667
801,16,20,1 2 3 5 6 7 8 9 10 11 12 13 14 15 18 19 ,-1.220626
802,9,20,2 6 8 10 12 13 15 18 20 ,-5.161111
803,19,20,1 2 3 4 5 6 7 8 9 10 11 12 13 14 15 16 17 19 20 ,-2.321053
804,15,20,1 2 3 4 5 6 7 10 12 13 15 16 17 19 20 ,0.326667
805,16,20,1 3 6 7 8 9 10 11 12 14 15 16 17 18 19 20 ,-3.886251
806,4,20,4 6 13 20 ,0.610000
807,17,20,1 2 3 4 5 6 7 8 9 11 12 13 14 17 18 19 20 ,-1.197059
808,19,20,1 2 3 4 5 6 7 8 9 10 11 12 13 14 15 17 18 19 20 ,-1.481580
809,7,20,3 7 10 15 18 19 20 ,-5.350001
810,9,20,3 4 5 6 8 9 10 15 17 ,-6.052222
811,4,20,3 4 15 19 ,-1.350000
812,6,20,2 4 8 12 14 15 ,-0.091667
813,13,20,2 4 5 6 10 11 12 13 15 17 18 19 20 ,3.227692
814,12,20,1 2 4 5 6 8 10 11 13 14 15 17 ,-0.343333
815,7,20,1 2 6 11 12 15 16 ,-0.081428
816,18,20,1 2 3 4 5 6 7 9 10 12 13 14 15 16 17 18 19 20 ,-2.647776
817,19,20,1 2 3 4 5 6 7 8 9 10 11 12 13 14 15 16 17 19 20 ,-2.321053
818,6,20,3 4 5 9 18 19 ,-3.085000
819,18,20,1 2 3 4 5 6 7 8 10 11 12 13 14 16 17 18 19 20 ,-2.494445
820,8,20,4 5 6 7 9 10 11 18 ,1.645000
821,4,20,1 4 12 16 ,-6.425000
822,16,20,2 3 4 5 7 9 10 11 12 13 15 16 17 18 19 20 ,-0.179375
823,15,20,1 2 3 4 5 6 7 10 12 13 14 15 16 18 20 ,-0.807333
824,13,20,1 2 3 4 6 8 9 10 12 13 17 18 20 ,-4.989231
825,2,20,7 13 ,-4.130000
826,10,20,2 6 9 12 13 14 16 18 19 20 ,-4.474000
827,12,20,1 2 3 4 7 8 9 11 15 16 19 20 ,-4.069167
828,8,20,2 8 9 10 13 16 17 19 ,-0.568750
829,11,20,1 3 6 10 11 13 14 15 16 17 19 ,-3.345454
830,8,20,2 7 8 9 13 14 17 19 ,-5.326249
831,15,20,2 6 7 8 10 11 12 13 14 15 16 17 18 19 20 ,-2.816667
832,6,20,4 8 10 11 12 16 ,-3.665000
833,6,20,2 8 13 18 19 20 ,-7.790000
834,5,20,3 7 9 10 15 ,-6.280000
835,13,20,2 3 4 6 8 9 11 12 13 14 15 18 19 ,2.318461
836,6,20,4 7 8 12 14 18 ,-1.128333
837,15,20,3 4 6 7 8 9 10 11 12 13 14 15 17 18 19 ,-0.742667
838,3,20,3 7 16 ,-0.393333
839,13,20,2 3 4 6 7 8 10 12 13 15 16 18 19 ,-5.387691
840,17,20,1 2 3 4 6 8 9 10 11 12 13 14 15 16 17 19 20 ,-2.897059
841,18,20,1 2 3 4 5 6 9 10 11 12 13 14 15 16 17 18 19 20 ,-1.656667
842,14,20,1 2 5 6 8 10 11 12 14 15 16 17 19 20 ,-3.294286
843,4,20,5 9 12 17 ,0.527500
844,10,20,1 6 8 9 10 12 14 17 18 19 ,-2.250000
845,15,20,1 2 3 6 7 8 12 13 14 15 16 17 18 19 20 ,-3.395334
846,5,20,1 6 11 18 20 ,5.518001
847,12,20,4 5 6 7 9 11 12 15 16 17 19 20 ,2.415833
848,17,20,1 2 3 5 6 8 9 10 11 12 13 14 16 17 18 19 20 ,-3.263529
849,5,20,10 12 14 18 20 ,-3.868001
850,9,20,1 2 4 6 11 12 14 18 20 ,3.126667
851,20,20,1 2 3 4 5 6 7 8 9 10 11 12 13 14 15 16 17 18 19 20 ,-2.375500
852,11,20,2 5 8 10 11 12 14 15 16 18 20 ,-3.601818
853,13,20,1 4 5 6 7 8 10 11 12 13 14 18 20 ,1.154615
854,18,20,1 2 3 6 7 8 9 10 11 12 13 14 15 16 17 18 19 20 ,-3.293334
855,4,20,5 11 13 14 ,-1.672500
856,20,20,1 2 3 4 5 6 7 8 9 10 11 12 13 14 15 16 17 18 19 20 ,-2.375500
857,5,20,6 8 9 12 20 ,-3.614000
858,10,20,1 5 6 10 11 15 16 17 19 20 ,-2.589000
859,14,20,2 3 4 5 6 7 8 10 11 12 15 16 17 18 ,-1.682142
860,4,20,4 7 15 16 ,0.247500
861,4,20,9 13 15 18 ,8.787500
862,16,20,1 2 5 6 7 8 9 10 11 12 13 15 16 17 18 20 ,1.293125
863,15,20,1 2 3 4 5 7 8 12 13 14 15 16 17 18 20 ,0.622000
864,13,20,1 2 3 5 6 9 11 14 16 17 18 19 20 ,-3.830770
865,20,20,1 2 3 4 5 6 7 8 9 10 11 12 13 14 15 16 17 18 19 20 ,-2.375500
866,4,20,1 2 7 11 ,3.490000
867,15,20,3 5 6 7 8 9 10 11 12 13 14 15 17 19 20 ,-2.064668
868,6,20,3 4 5 9 12 20 ,0.073334
869,8,20,3 4 5 8 12 13 16 19 ,4.765000
870,2,20,8 14 ,2.840000
871,10,20,1 4 5 7 8 13 15 16 18 19 ,2.274000
872,12,20,2 3 6 8 9 10 11 12 15 16 17 18 ,-2.315833
873,2,20,4 15 ,-0.795000
874,19,20,1 2 3 4 5 6 7 8 9 10 11 12 13 14 15 17 18 19 20 ,-1.481580
875,7,20,2 6 7 9 11 17 18 ,7.600000
876,2,20,2 14 ,-2.335000
877,18,20,1 2 3 4 5 6 8 9 10 12 13 14 15 16 17 18 19 20 ,-3.908889
878,18,20,1 2 3 4 5 7 8 9 10 11 12 13 14 15 17 18 19 20 ,-1.263333
879,3,20,5 8 16 ,0.786667
880,15,20,2 5 6 7 10 11 12 13 14 15 16 17 18 19 20 ,2.641333
881,15,20,2 3 4 5 6 8 9 10 12 14 15 16 18 19 20 ,-3.566000
882,2,20,8 20 ,-2.025000
883,17,20,1 2 3 4 5 6 7 8 9 10 12 13 14 16 17 19 20 ,-4.928234
884,7,20,1 3 5 12 15 19 20 ,2.858572
885,16,20,1 2 3 5 6 7 9 10 11 12 13 15 16 17 18 20 ,2.492500
886,7,20,1 2 4 7 12 18 19 ,-7.627143
887,14,20,1 4 5 6 7 8 10 12 13 16 17 18 19 20 ,-2.576429
888,16,20,2 3 4 5 6 7 8 10 12 13 15 16 17 18 19 20 ,-1.844375
889,19,20,1 2 3 4 5 6 7 8 9 10 11 12 13 14 15 16 18 19 20 ,-3.171052
890,18,20,1 2 3 4 6 7 8 9 10 11 13 14 15 16 17 18 19 20 ,-4.438333
891,17,20,1 3 4 5 6 8 9 10 11 12 13 14 15 16 18 19 20 ,-2.594118
892,20,20,1 2 3 4 5 6 7 8 9 10 11 12 13 14 15 16 17 18 19 20 ,-2.375500
893,3,20,7 15 20 ,3.836667
894,15,20,1 3 5 6 7 9 10 11 13 14 15 17 18 19 20 ,-1.021333
895,12,20,1 3 4 5 7 8 12 13 16 17 19 20 ,2.108332
896,4,20,2 4 6 20 ,2.507500
897,15,20,1 3 5 6 7 8 10 11 14 15 16 17 18 19 20 ,-4.974668
898,15,20,2 4 7 8 9 10 11 12 13 14 16 17 18 19 20 ,-4.880000
899,2,20,9 19 ,-3.965000
900,20,20,1 2 3 4 5 6 7 8 9 10 11 12 13 14 15 16 17 18 19 20 ,-2.375500
901,12,20,1 2 3 8 10 11 14 15 16 17 18 20 ,-6.854166
902,20,20,1 2 3 4 5 6 7 8 9 10 11 12 13 14 15 16 17 18 19 20 ,-2.375500
903,14,20,2 4 5 6 7 8 9 10 12 16 17 18 19 20 ,-5.435714
904,15,20,1 2 3 4 6 7 8 10 11 13 14 15 17 18 19 ,-2.015333
905,13,20,2 4 5 6 7 8 10 12 14 15 17 19 20 ,0.848462
906,2,20,6 17 ,3.140000
907,14,20,1 2 4 5 7 8 9 10 12 13 14 15 16 20 ,-0.745000
908,18,20,1 2 3 4 6 7 8 9 10 11 12 13 14 15 16 17 18 19 ,-2.817779
909,8,20,1 2 5 6 7 11 13 17 ,4.871250
910,20,20,1 2 3 4 5 6 7 8 9 10 11 12 13 14 15 16 17 18 19 20 ,-2.375500
911,7,20,4 5 6 7 9 11 16 ,1.217143
912,20,20,1 2 3 4 5 6 7 8 9 10 11 12 13 14 15 16 17 18 19 20 ,-2.375500
913,10,20,2 3 5 8 9 10 11 12 15 17 ,-3.065000
914,10,20,1 6 7 8 9 11 12 13 15 19 ,1.809000
915,2,20,8 11 ,2.085000
916,2,20,1 3 ,2.240000
917,10,20,1 8 10 11 13 15 16 17 18 19 ,0.497001
918,12,20,1 2 3 4 5 7 12 13 16 18 19 20 ,-1.099167
919,14,20,1 2 4 5 6 7 8 11 12 14 15 16 17 19 ,-0.174286
920,7,20,2 5 6 13 15 16 18 ,7.410000
921,19,20,1 2 3 4 5 6 7 8 9 10 11 12 13 14 15 16 17 18 19 ,-1.546842
922,12,20,1 3 4 5 7 8 11 12 13 16 17 18 ,3.855834
923,11,20,1 3 5 7 8 11 12 13 16 17 18 ,6.126364
924,15,20,1 2 3 6 7 9 10 12 13 14 15 16 17 18 20 ,-2.384000
925,8,20,3 4 5 14 17 18 19 20 ,-1.625000
926,9,20,2 8 10 12 13 14 16 17 20 ,-5.400000
927,19,20,1 2 3 4 5 6 7 8 9 10 11 12 13 14 15 16 17 18 19 ,-1.546842
928,6,20,3 10 11 14 15 20 ,-6.581666
929,18,20,1 2 4 5 6 7 8 9 10 11 12 13 14 15 16 18 19 20 ,-1.798889
930,20,20,1 2 3 4 5 6 7 8 9 10 11 12 13 14 15 16 17 18 19 20 ,-2.375500
931,8,20,2 6 8 9 11 15 18 19 ,2.272500
932,18,20,1 2 3 4 5 7 8 9 11 12 13 14 15 16 17 18 19 20 ,0.368889
933,8,20,1 2 4 9 10 15 16 20 ,-4.962500
934,4,20,2 8 15 16 ,-2.172500
935,5,20,1 2 5 7 12 ,3.008000
936,4,20,3 16 17 19 ,-0.465000
937,8,20,1 2 3 6 7 9 10 15 ,-7.565000
938,10,20,2 4 7 8 11 12 17 18 19 20 ,-3.787000
939,8,20,2 5 7 12 14 16 18 19 ,1.471251
940,19,20,1 2 3 4 5 6 7 8 9 10 11 12 13 14 16 17 18 19 20 ,-3.557368
941,12,20,1 3 5 7 8 10 11 12 14 17 18 20 ,-0.807500
942,10,20,2 3 4 6 7 8 9 15 16 19 ,-6.733001
943,6,20,4 6 7 14 16 18 ,-0.383334
944,14,20,4 5 6 8 9 10 11 12 15 16 17 18 19 20 ,-2.752142
945,18,20,2 3 4 6 7 8 9 10 11 12 13 14 15 16 17 18 19 20 ,-3.342223
946,14,20,1 2 3 8 9 12 13 14 15 16 17 18 19 20 ,-1.910714
947,5,20,3 7 12 13 20 ,-0.204000
948,17,20,1 2 3 4 5 6 8 9 10 11 12 13 14 16 17 18 20 ,-2.648823
949,7,20,4 6 8 9 16 17 20 ,-1.715714
950,20,20,1 2 3 4 5 6 7 8 9 10 11 12 13 14 15 16 17 18 19 20 ,-2.375500
951,20,20,1 2 3 4 5 6 7 8 9 10 11 12 13 14 15 16 17 18 19 20 ,-2.375500
952,16,20,1 2 3 4 5 6 7 9 10 11 12 15 16 17 19 20 ,-2.618750
953,11,20,1 3 5 7 10 11 12 13 14 17 20 ,1.083637
954,15,20,1 3 4 5 6 7 10 11 12 13 15 16 17 19 20 ,0.876001
955,11,20,2 3 4 5 6 7 11 14 15 18 20 ,3.470908
956,6,20,1 2 5 7 8 19 ,-7.870001
957,16,20,1 2 3 4 5 6 7 9 10 11 13 14 15 16 18 19 ,-3.279999
958,11,20,1 3 5 8 9 11 12 13 14 16 18 ,3.278182
959,19,20,1 2 3 4 5 6 7 9 10 11 12 13 14 15 16 17 18 19 20 ,-1.238948
960,13,20,2 4 5 7 8 9 12 13 14 16 17 19 20 ,-2.480769
961,19,20,1 2 3 4 5 6 7 8 9 10 12 13 14 15 16 17 18 19 20 ,-3.989472
962,13,20,1 3 4 5 7 8 9 10 12 13 17 19 20 ,-2.688461
963,12,20,2 5 7 8 9 10 11 12 13 16 17 20 ,0.276667
964,5,20,7 8 11 15 20 ,2.682000
965,15,20,1 4 5 6 7 8 10 11 12 13 14 15 16 19 20 ,0.142000
966,20,20,1 2 3 4 5 6 7 8 9 10 11 12 13 14 15 16 17 18 19 20 ,-2.375500
967,12,20,1 4 5 7 8 9 13 14 15 16 17 19 ,3.304167
968,17,20,2 3 4 5 6 7 8 9 10 11 12 13 14 17 18 19 20 ,-2.423530
969,14,20,2 3 4 5 6 7 9 11 12 14 16 18 19 20 ,-0.473572
970,17,20,1 2 3 5 6 7 8 9 10 11 12 14 15 17 18 19 20 ,-2.374119
971,14,20,2 3 4 7 8 9 10 12 14 16 17 18 19 20 ,-8.214286
972,17,20,2 3 4 5 6 7 8 9 10 11 12 13 15 16 18 19 20 ,-2.388824
973,5,20,3 5 6 14 20 ,-0.340000
974,20,20,1 2 3 4 5 6 7 8 9 10 11 12 13 14 15 16 17 18 19 20 ,-2.375500
975,7,20,3 5 7 9 10 13 18 ,-2.697143
976,8,20,2 6 7 9 11 13 17 19 ,0.636250
977,15,20,1 2 3 5 6 7 8 11 12 13 14 15 16 17 20 ,1.684000
978,6,20,2 6 7 8 11 20 ,0.013333
979,2,20,4 13 ,2.045000
980,16,20,1 2 3 5 6 7 9 11 12 13 14 15 17 18 19 20 ,3.518125
981,17,20,1 2 3 4 5 6 7 10 11 12 13 15 16 17 18 19 20 ,0.887059
982,9,20,1 2 4 7 8 13 14 16 19 ,-5.023333
983,20,20,1 2 3 4 5 6 7 8 9 10 11 12 13 14 15 16 17 18 19 20 ,-2.375500
984,4,20,9 10 14 15 ,1.397500
985,4,20,3 6 7 8 ,-7.927501
986,5,20,4 10 11 12 13 ,-3.322000
987,20,20,1 2 3 4 5 6 7 8 9 10 11 12 13 14 15 16 17 18 19 20 ,-2.375500
988,7,20,4 10 12 16 17 19 20 ,-3.238571
989,12,20,1 3 4 5 6 8 9 12 13 15 16 17 ,0.135000
990,3,20,2 5 6 ,3.286667
991,5,20,7 8 15 16 19 ,-1.882000
992,20,20,1 2 3 4 5 6 7 8 9 10 11 12 13 14 15 16 17 18 19 20 ,-2.375500
993,13,20,2 3 4 6 7 9 10 11 13 14 15 16 19 ,-4.413846
994,15,20,1 2 3 4 5 6 8 10 12 14 15 16 17 18 19 ,-5.618666
995,8,20,1 2 3 4 7 8 10 11 ,-3.371250
996,20,20,1 2 3 4 5 6 7 8 9 10 11 12 13 14 15 16 17 18 19 20 ,-2.375500
997,13,20,2 4 6 8 10 11 12 14 15 16 17 18 19 ,-4.109231
998,18,20,2 3 4 5 7 8 9 10 11 12 13 14 15 16 17 18 19 20 ,-1.763333
999,3,20,6 12 16 ,0.253333
1000,8,20,6 8 10 13 14 16 19 20 ,-1.878750
RELATORIO DA EXPERIENCIA:
MELHOR RESULTADO: 4.852500, COM 16 NUMEROS
POSTOS DA MELHOR SOLUÇÃO: 1,2,3,5,6,7,9,11,12,13,14,15,17,18,19,20,