ITERAÇÃO,NR PONTOS SELECIONADOS,TOTAL PONTOS,LISTA DE PONTOS,RESULTADO
1,5,25,10 15 16 23 24 ,0.584000
2,2,25,2 5 ,2.620000
3,21,25,1 2 4 5 6 7 8 9 10 11 12 13 14 16 17 18 19 20 21 22 24 ,2.620000
4,13,25,1 3 4 7 9 10 12 15 17 18 19 23 25 ,2.620000
5,8,25,2 4 11 12 13 15 16 24 ,2.620000
6,13,25,9 10 11 12 14 17 18 19 20 22 23 24 25 ,3.521581
7,19,25,1 2 4 6 7 8 9 12 13 14 15 17 18 19 20 21 22 23 25 ,4.867896
8,24,25,1 2 3 4 5 6 7 8 9 10 11 12 13 14 15 16 17 18 20 21 22 23 24 25 ,4.867896
9,2,25,13 15 ,4.867896
10,19,25,1 3 5 6 7 9 11 13 14 15 17 18 19 20 21 22 23 24 25 ,4.867896
11,21,25,1 2 3 4 6 7 10 11 12 13 14 16 17 18 19 20 21 22 23 24 25 ,4.958571
12,17,25,1 2 4 5 6 8 10 11 13 14 16 18 19 21 22 24 25 ,7.092500
13,14,25,3 4 7 8 9 10 11 14 15 17 18 19 23 24 ,7.092500
14,19,25,1 2 3 4 5 6 7 10 11 13 14 15 16 17 18 19 21 22 23 ,7.092500
15,7,25,3 5 8 18 21 23 25 ,9.028572
16,13,25,2 3 4 5 6 8 9 11 13 19 22 23 24 ,9.028572
17,19,25,2 3 6 7 8 9 10 11 12 13 16 17 18 19 20 21 22 23 25 ,10.267142
18,25,25,1 2 3 4 5 6 7 8 9 10 11 12 13 14 15 16 17 18 19 20 21 22 23 24 25 ,10.267142
19,7,25,1 2 7 8 13 16 17 ,10.267142
20,21,25,1 2 3 5 6 7 8 9 10 11 12 14 15 16 17 18 19 20 22 23 24 ,10.267142
21,19,25,2 3 4 6 7 9 10 11 13 14 16 17 18 20 21 22 23 24 25 ,10.267142
22,21,25,2 3 4 5 6 7 8 9 10 11 12 13 14 15 16 17 18 19 21 24 25 ,10.267142
23,12,25,1 3 4 7 11 14 15 16 17 20 22 24 ,10.267142
24,11,25,3 4 5 8 14 16 17 18 19 24 25 ,10.267142
25,10,25,1 2 5 8 11 13 14 15 17 22 ,10.267142
26,24,25,1 2 3 4 5 6 8 9 10 11 12 13 14 15 16 17 18 19 20 21 22 23 24 25 ,10.267142
27,3,25,6 19 22 ,10.267142
28,7,25,8 14 17 18 21 24 25 ,10.267142
29,19,25,1 4 6 7 8 9 10 12 13 14 15 16 18 19 20 21 22 23 25 ,10.267142
30,20,25,1 2 3 4 6 7 8 9 11 12 13 14 17 18 20 21 22 23 24 25 ,10.267142
31,24,25,1 2 3 4 5 6 8 9 10 11 12 13 14 15 16 17 18 19 20 21 22 23 24 25 ,10.267142
32,10,25,5 7 8 10 11 13 14 16 18 21 ,10.267142
33,17,25,1 2 3 4 7 8 9 10 11 12 14 17 18 20 21 23 25 ,10.267142
34,6,25,7 13 21 22 23 24 ,10.267142
35,14,25,1 3 5 7 8 11 12 14 17 19 20 21 23 25 ,10.267142
36,9,25,1 9 11 12 15 16 17 21 24 ,10.267142
37,16,25,3 5 8 9 10 11 12 13 14 15 18 20 21 22 23 24 ,10.267142
38,17,25,1 2 4 5 7 9 10 11 13 15 16 18 19 20 21 22 24 ,10.267142
39,14,25,1 2 3 4 5 7 8 9 10 11 13 14 17 24 ,10.267142
40,24,25,1 2 3 4 5 6 7 8 9 10 11 12 13 14 15 16 17 18 19 20 21 22 23 24 ,10.267142
41,23,25,1 2 4 5 6 7 8 9 11 12 13 14 15 16 17 18 19 20 21 22 23 24 25 ,10.267142
42,10,25,2 3 8 11 12 15 18 19 21 22 ,10.267142
43,22,25,1 2 3 4 5 7 8 9 10 11 12 13 14 15 16 17 18 20 21 23 24 25 ,10.267142
44,21,25,1 2 4 5 7 8 9 10 12 13 15 16 17 18 19 20 21 22 23 24 25 ,10.267142
45,4,25,12 15 20 25 ,10.267142
46,13,25,1 3 4 12 14 15 18 19 20 21 22 23 24 ,10.267142
47,6,25,10 12 16 20 21 22 ,10.267142
48,8,25,2 3 7 8 14 15 19 24 ,10.267142
49,5,25,13 17 18 22 23 ,10.267142
50,21,25,1 2 3 4 5 6 7 8 9 12 13 14 15 17 18 19 20 22 23 24 25 ,10.267142
51,8,25,2 5 6 7 14 17 20 25 ,10.267142
52,16,25,1 3 5 6 8 9 10 13 14 15 17 19 20 21 23 24 ,10.267142
53,17,25,2 4 5 6 8 10 11 12 13 14 15 17 18 21 22 23 25 ,10.267142
54,21,25,1 2 4 5 6 7 8 9 10 13 14 15 16 17 18 19 20 21 22 23 25 ,10.267142
55,19,25,1 2 3 4 5 6 7 8 10 11 12 13 14 15 16 18 21 24 25 ,10.267142
56,16,25,1 3 4 6 7 8 10 12 14 16 17 18 20 21 23 25 ,10.267142
57,18,25,1 3 5 6 8 9 10 11 12 14 15 16 19 20 21 23 24 25 ,10.267142
58,24,25,1 2 3 4 5 6 7 8 9 10 11 12 13 14 15 16 17 18 19 20 21 22 23 24 ,10.267142
59,12,25,1 5 6 7 11 12 13 17 19 20 21 22 ,10.267142
60,7,25,5 11 15 17 20 21 23 ,10.267142
61,22,25,1 2 3 4 5 6 7 8 9 10 11 12 13 16 17 18 19 20 21 23 24 25 ,10.267142
62,7,25,4 6 13 16 18 20 25 ,10.267142
63,5,25,4 11 15 23 25 ,10.267142
64,25,25,1 2 3 4 5 6 7 8 9 10 11 12 13 14 15 16 17 18 19 20 21 22 23 24 25 ,10.267142
65,9,25,1 3 5 10 11 13 17 20 22 ,10.267142
66,22,25,1 2 3 4 6 7 8 9 10 11 13 14 15 16 17 18 19 20 21 22 23 25 ,10.267142
67,7,25,1 3 7 9 13 18 19 ,10.267142
68,10,25,4 9 10 11 12 16 19 21 23 25 ,12.419999
69,19,25,2 3 5 6 7 8 9 10 13 14 15 16 17 20 21 22 23 24 25 ,12.419999
70,8,25,3 5 6 7 10 19 23 24 ,12.419999
71,16,25,1 2 3 4 8 9 10 11 14 16 18 19 20 21 22 24 ,13.593749
72,7,25,8 11 14 15 17 18 22 ,13.593749
73,4,25,5 9 11 18 ,13.593749
74,23,25,1 2 3 4 5 6 7 8 10 11 12 13 14 15 16 17 19 20 21 22 23 24 25 ,13.593749
75,19,25,1 2 3 5 6 9 12 13 14 15 16 17 19 20 21 22 23 24 25 ,13.593749
76,18,25,1 2 3 5 7 8 10 11 12 13 14 15 16 18 20 21 23 24 ,13.593749
77,25,25,1 2 3 4 5 6 7 8 9 10 11 12 13 14 15 16 17 18 19 20 21 22 23 24 25 ,13.593749
78,23,25,1 2 3 4 5 6 7 9 10 11 12 13 14 15 16 17 18 19 20 21 22 23 24 ,13.593749
79,8,25,2 5 9 20 21 22 23 24 ,13.593749
80,12,25,3 5 7 8 10 11 12 13 18 22 24 25 ,13.593749
81,12,25,1 2 3 4 6 10 11 12 17 20 21 23 ,13.593749
82,10,25,2 3 4 7 13 14 15 18 20 25 ,13.593749
83,24,25,1 2 3 4 5 6 7 8 9 10 11 12 13 14 15 16 17 19 20 21 22 23 24 25 ,13.593749
84,22,25,2 3 4 5 6 7 8 9 10 11 12 13 14 15 16 18 20 21 22 23 24 25 ,13.593749
85,20,25,1 3 5 6 8 9 10 11 12 13 14 15 16 17 20 21 22 23 24 25 ,13.593749
86,15,25,2 3 6 8 10 13 14 15 16 19 20 21 23 24 25 ,13.593749
87,2,25,7 19 ,13.593749
88,6,25,7 10 12 14 19 20 ,13.593749
89,25,25,1 2 3 4 5 6 7 8 9 10 11 12 13 14 15 16 17 18 19 20 21 22 23 24 25 ,13.593749
90,12,25,1 2 3 5 7 10 12 13 14 16 21 24 ,13.593749
91,13,25,2 5 6 10 12 15 17 18 19 20 21 22 24 ,13.593749
92,10,25,1 4 8 11 14 15 16 19 20 25 ,13.593749
93,7,25,5 9 10 11 16 18 19 ,13.593749
94,7,25,4 6 14 20 21 22 24 ,13.593749
95,24,25,1 2 3 4 5 6 7 8 9 10 11 12 13 14 15 16 18 19 20 21 22 23 24 25 ,13.593749
96,20,25,2 3 4 5 6 7 9 10 12 13 14 15 16 17 18 20 21 22 24 25 ,13.593749
97,7,25,2 6 7 12 14 23 24 ,13.593749
98,5,25,3 8 15 18 21 ,13.593749
99,15,25,1 2 5 6 7 11 12 14 16 17 20 21 22 23 24 ,13.593749
100,18,25,1 2 3 4 5 6 7 8 11 14 16 17 18 19 20 22 23 25 ,13.593749
101,14,25,2 4 6 9 10 11 12 13 14 17 20 22 24 25 ,13.842725
102,3,25,7 8 13 ,13.842725
103,8,25,1 2 5 8 9 13 21 24 ,13.842725
104,15,25,1 5 8 9 10 11 12 13 16 17 18 19 21 24 25 ,13.842725
105,4,25,3 12 21 24 ,13.842725
106,13,25,1 2 3 9 11 12 14 17 18 21 22 24 25 ,13.842725
107,3,25,3 17 23 ,13.842725
108,21,25,1 4 6 7 8 9 10 11 12 13 14 15 16 17 18 19 20 21 22 24 25 ,13.842725
109,14,25,2 6 7 8 10 11 12 13 15 16 17 18 20 23 ,13.842725
110,5,25,3 4 7 22 25 ,13.842725
111,24,25,1 2 3 4 5 6 7 8 9 10 11 12 13 14 15 16 17 18 19 20 21 23 24 25 ,13.842725
112,7,25,4 5 9 12 14 18 22 ,13.842725
113,3,25,2 5 18 ,13.842725
114,13,25,4 5 7 10 11 12 13 14 15 16 19 22 24 ,13.842725
115,9,25,4 7 9 12 13 16 17 20 21 ,13.842725
116,23,25,1 2 3 4 5 6 7 8 10 11 12 13 14 15 16 17 18 19 20 21 22 23 25 ,13.842725
117,15,25,1 2 4 7 8 12 13 16 17 18 19 20 23 24 25 ,13.842725
118,20,25,2 3 4 5 6 8 9 10 11 12 15 16 17 18 20 21 22 23 24 25 ,13.842725
119,13,25,6 8 9 10 12 13 15 17 18 19 22 23 24 ,13.842725
120,2,25,2 13 ,13.842725
121,19,25,1 2 3 4 5 7 8 9 10 11 13 14 15 17 20 21 22 24 25 ,13.842725
122,4,25,12 14 19 23 ,13.842725
123,22,25,1 3 5 6 7 8 9 10 11 12 14 15 16 17 18 19 20 21 22 23 24 25 ,13.842725
124,8,25,1 3 11 13 16 20 21 23 ,13.842725
125,3,25,4 8 14 ,13.842725
126,16,25,1 2 4 5 6 11 13 15 16 17 18 19 21 23 24 25 ,13.842725
127,8,25,1 7 8 9 13 14 19 22 ,13.842725
128,13,25,2 3 4 5 7 8 9 11 15 17 19 22 23 ,13.842725
129,17,25,2 3 4 5 6 7 8 11 12 13 14 15 16 17 19 20 25 ,13.842725
130,16,25,1 2 3 7 8 9 10 11 13 14 16 17 19 21 22 24 ,13.842725
131,9,25,7 10 12 13 16 18 22 23 24 ,13.842725
132,9,25,8 9 12 15 17 18 19 22 24 ,13.842725
133,5,25,4 5 6 14 17 ,13.842725
134,18,25,3 4 6 7 8 9 10 11 12 13 14 18 19 20 21 23 24 25 ,13.842725
135,20,25,1 2 3 4 5 6 7 8 9 10 12 15 16 17 20 21 22 23 24 25 ,13.842725
136,5,25,1 13 20 23 24 ,13.842725
137,15,25,1 3 4 5 7 8 10 12 15 17 19 20 21 23 25 ,13.842725
138,17,25,1 2 5 6 8 9 11 12 13 14 15 18 19 20 21 22 25 ,13.842725
139,20,25,1 2 3 4 5 6 7 9 10 11 12 13 14 16 17 18 19 20 21 24 ,13.842725
140,19,25,1 2 3 4 5 7 8 9 10 11 12 13 14 17 18 19 21 24 25 ,13.842725
141,8,25,2 3 6 8 13 14 15 18 ,13.842725
142,9,25,1 6 12 15 16 19 20 24 25 ,13.842725
143,15,25,2 3 5 6 8 10 11 13 14 16 18 19 20 21 24 ,13.842725
144,24,25,1 2 3 4 5 6 7 8 9 10 11 12 13 14 15 16 17 18 19 21 22 23 24 25 ,13.842725
145,8,25,7 10 12 14 17 18 22 23 ,13.842725
146,22,25,1 2 3 5 6 7 8 9 10 11 13 14 16 17 18 19 20 21 22 23 24 25 ,13.842725
147,11,25,1 3 4 10 11 13 14 20 21 23 25 ,13.842725
148,5,25,2 7 12 13 20 ,13.842725
149,17,25,1 2 3 5 6 7 10 11 13 14 15 18 19 20 22 23 25 ,13.842725
150,15,25,1 2 3 6 7 9 10 11 12 13 15 16 21 23 25 ,13.842725
151,5,25,3 13 16 21 23 ,13.842725
152,2,25,19 23 ,13.842725
153,16,25,1 5 6 7 8 10 11 13 14 15 16 17 19 21 23 24 ,13.842725
154,22,25,1 2 3 4 5 6 7 8 9 10 12 14 15 16 17 18 19 21 22 23 24 25 ,13.842725
155,21,25,3 4 5 6 7 8 10 11 12 13 14 15 16 17 18 19 20 21 22 23 24 ,13.842725
156,8,25,3 5 6 9 12 17 19 20 ,13.842725
157,16,25,1 2 3 5 6 7 9 10 11 13 14 15 17 18 21 23 ,13.842725
158,23,25,2 3 4 5 6 7 8 9 10 11 12 13 14 15 16 17 18 19 20 21 22 23 25 ,13.842725
159,17,25,1 3 5 7 8 9 10 12 14 15 16 17 19 21 22 23 25 ,13.842725
160,5,25,4 5 9 11 20 ,13.842725
161,17,25,2 3 4 5 8 9 10 12 13 16 18 19 20 21 22 24 25 ,13.842725
162,15,25,1 4 5 7 9 10 11 12 13 18 19 20 21 23 25 ,13.842725
163,10,25,2 4 8 11 16 17 18 22 23 25 ,13.842725
164,19,25,1 2 3 6 7 8 9 10 11 12 13 14 15 18 19 20 22 23 24 ,13.842725
165,5,25,2 7 11 17 23 ,13.842725
166,21,25,1 2 3 4 5 6 8 9 10 12 13 15 16 17 18 19 20 21 22 23 24 ,13.842725
167,10,25,4 5 7 10 11 14 16 19 20 21 ,13.842725
168,23,25,1 2 3 4 5 6 7 8 9 10 12 13 14 15 16 17 18 19 21 22 23 24 25 ,13.842725
169,13,25,3 6 7 11 12 13 17 18 19 21 22 24 25 ,13.842725
170,6,25,7 14 16 21 23 24 ,13.842725
171,21,25,2 3 4 5 6 7 8 9 10 11 14 15 16 17 19 20 21 22 23 24 25 ,13.842725
172,13,25,1 2 5 6 7 8 11 13 16 17 18 24 25 ,13.842725
173,8,25,5 6 7 11 16 18 21 24 ,13.842725
174,15,25,1 3 4 5 9 10 11 12 14 16 18 19 20 23 24 ,13.842725
175,23,25,1 2 3 4 5 6 7 8 9 11 12 13 14 16 17 18 19 20 21 22 23 24 25 ,13.842725
176,10,25,1 9 13 14 15 17 19 21 22 23 ,13.842725
177,13,25,1 2 3 4 6 7 9 12 15 17 20 22 23 ,13.842725
178,3,25,3 11 24 ,13.842725
179,24,25,1 2 3 4 5 6 7 8 9 10 11 12 13 15 16 17 18 19 20 21 22 23 24 25 ,13.842725
180,19,25,1 2 4 5 6 7 8 9 10 14 15 16 17 18 19 20 21 22 24 ,13.842725
181,12,25,3 4 5 6 7 8 9 12 16 19 20 22 ,13.842725
182,2,25,4 14 ,13.842725
183,15,25,2 4 5 8 9 10 13 15 16 17 18 19 22 24 25 ,13.842725
184,4,25,4 7 20 21 ,13.842725
185,3,25,12 15 22 ,13.842725
186,6,25,3 4 8 17 18 21 ,13.842725
187,22,25,1 2 3 4 5 6 7 8 9 10 13 14 15 16 17 18 20 21 22 23 24 25 ,13.842725
188,6,25,1 5 11 17 18 23 ,13.842725
189,22,25,2 3 4 5 6 7 8 9 10 11 12 13 14 15 16 18 19 20 21 22 24 25 ,13.842725
190,11,25,1 7 8 11 12 13 15 20 22 24 25 ,13.842725
191,13,25,1 7 8 9 10 11 12 15 16 17 19 20 23 ,13.842725
192,18,25,1 2 3 5 6 7 8 10 11 12 13 14 16 17 18 19 22 24 ,13.842725
193,2,25,5 25 ,13.842725
194,2,25,14 21 ,13.842725
195,23,25,1 3 4 5 6 7 8 9 10 11 13 14 15 16 17 18 19 20 21 22 23 24 25 ,13.842725
196,5,25,4 6 18 19 24 ,13.842725
197,12,25,2 4 8 9 11 12 16 17 20 22 23 24 ,13.842725
198,13,25,4 6 7 8 10 13 14 15 20 21 22 23 25 ,13.842725
199,11,25,1 4 7 8 9 13 14 17 19 23 25 ,13.842725
200,16,25,1 2 3 4 5 7 8 11 12 13 15 16 17 21 24 25 ,13.842725
201,10,25,4 6 8 10 14 17 20 21 22 24 ,13.842725
202,7,25,3 6 9 17 18 22 25 ,13.842725
203,11,25,4 6 7 8 9 10 16 18 19 23 24 ,13.842725
204,12,25,4 12 13 15 16 17 18 19 20 21 23 25 ,13.842725
205,4,25,16 21 24 25 ,13.842725
206,12,25,1 3 6 10 11 14 16 17 18 20 22 24 ,13.842725
207,11,25,3 4 6 7 9 11 15 18 21 23 25 ,13.842725
208,20,25,2 3 4 5 6 7 8 9 10 11 13 14 15 16 18 19 20 21 23 24 ,13.842725
209,5,25,2 3 9 12 25 ,13.842725
210,25,25,1 2 3 4 5 6 7 8 9 10 11 12 13 14 15 16 17 18 19 20 21 22 23 24 25 ,13.842725
211,10,25,2 5 9 12 13 18 19 20 21 25 ,14.934286
212,13,25,1 3 8 9 10 11 12 13 15 16 21 24 25 ,14.934286
213,6,25,1 5 6 7 16 25 ,14.934286
214,15,25,1 2 3 4 6 8 10 11 13 14 15 16 22 24 25 ,14.934286
215,3,25,10 13 19 ,14.934286
216,22,25,1 2 3 4 5 6 7 8 9 10 12 14 15 16 17 18 20 21 22 23 24 25 ,14.934286
217,14,25,1 5 6 10 12 13 14 15 17 19 20 22 23 24 ,14.934286
218,8,25,4 9 10 12 13 20 21 24 ,14.934286
219,21,25,1 2 3 4 5 6 7 8 9 10 11 12 14 18 19 20 21 22 23 24 25 ,14.934286
220,6,25,9 15 19 23 24 25 ,14.934286
221,6,25,3 4 5 6 19 21 ,14.934286
222,18,25,1 2 6 7 8 9 10 12 13 14 16 17 18 19 21 22 24 25 ,14.934286
223,18,25,1 2 4 7 8 10 11 12 13 14 16 17 18 19 21 22 23 25 ,14.934286
224,12,25,5 7 8 9 10 11 12 17 20 21 22 24 ,14.934286
225,11,25,2 4 7 10 12 13 15 17 19 20 24 ,14.934286
226,18,25,1 2 4 5 6 8 10 11 12 13 15 17 19 20 21 22 24 25 ,14.934286
227,16,25,1 3 4 5 6 9 10 11 12 14 17 19 21 22 24 25 ,14.934286
228,13,25,4 5 6 8 9 10 11 13 14 16 17 22 25 ,14.934286
229,11,25,5 7 8 10 11 13 14 17 18 21 25 ,14.934286
230,21,25,2 3 4 5 6 7 8 9 10 11 12 13 15 17 19 20 21 22 23 24 25 ,14.934286
231,25,25,1 2 3 4 5 6 7 8 9 10 11 12 13 14 15 16 17 18 19 20 21 22 23 24 25 ,14.934286
232,2,25,20 23 ,14.934286
233,7,25,2 8 11 16 17 21 23 ,14.934286
234,11,25,2 3 8 9 12 14 15 16 17 20 22 ,14.934286
235,3,25,3 21 23 ,14.934286
236,6,25,4 8 10 11 16 20 ,14.934286
237,7,25,5 8 9 16 21 22 24 ,14.934286
238,20,25,1 3 4 6 7 8 9 10 11 12 13 14 15 17 18 19 22 23 24 25 ,14.934286
239,17,25,2 3 4 6 7 10 11 12 13 14 15 16 17 18 19 20 22 ,14.934286
240,8,25,1 3 5 6 13 15 18 22 ,14.934286
241,16,25,1 2 3 7 9 11 13 14 15 16 17 18 19 20 23 24 ,14.934286
242,7,25,1 3 6 12 17 21 25 ,14.934286
243,10,25,3 4 6 10 16 18 21 22 23 25 ,14.934286
244,10,25,4 5 7 9 12 13 15 19 22 25 ,14.934286
245,7,25,1 4 5 6 9 12 17 ,14.934286
246,23,25,1 2 3 4 5 6 7 8 9 10 11 12 13 14 15 16 17 18 20 21 22 23 25 ,14.934286
247,11,25,2 3 5 6 10 12 13 17 20 21 25 ,14.934286
248,23,25,1 2 3 4 5 6 7 8 9 10 11 12 13 14 15 16 17 18 19 20 21 22 24 ,14.934286
249,16,25,1 3 4 6 7 8 9 10 11 13 15 16 18 20 21 23 ,14.934286
250,23,25,2 3 4 5 6 7 9 10 11 12 13 14 15 16 17 18 19 20 21 22 23 24 25 ,14.934286
251,2,25,3 7 ,14.934286
252,20,25,1 2 3 4 5 6 7 8 10 11 12 13 14 15 16 18 19 21 23 25 ,14.934286
253,3,25,15 16 21 ,14.934286
254,6,25,9 11 12 15 19 25 ,14.934286
255,7,25,1 2 7 10 11 17 25 ,14.934286
256,13,25,2 3 4 5 6 8 9 16 17 18 21 23 24 ,14.934286
257,16,25,2 3 5 6 8 11 12 13 14 18 20 21 22 23 24 25 ,15.867000
258,5,25,1 6 14 17 25 ,15.867000
259,10,25,2 3 4 9 11 12 13 17 22 23 ,15.867000
260,10,25,4 13 14 15 18 19 22 23 24 25 ,15.867000
261,20,25,1 2 3 4 6 7 8 9 10 11 12 13 14 15 16 17 19 20 24 25 ,15.867000
262,24,25,1 2 3 4 5 6 7 8 9 10 11 12 13 14 15 16 17 19 20 21 22 23 24 25 ,15.867000
263,19,25,1 3 4 6 7 9 10 11 12 13 14 15 16 18 19 20 21 22 24 ,15.867000
264,5,25,4 5 12 15 20 ,15.867000
265,25,25,1 2 3 4 5 6 7 8 9 10 11 12 13 14 15 16 17 18 19 20 21 22 23 24 25 ,15.867000
266,20,25,1 3 4 5 6 7 8 9 10 11 12 14 15 17 18 19 20 21 23 24 ,15.867000
267,3,25,3 8 25 ,15.867000
268,20,25,1 2 5 6 7 8 9 10 11 12 14 15 16 17 19 20 22 23 24 25 ,15.867000
269,17,25,1 2 4 5 7 8 9 10 11 12 13 14 15 16 17 21 23 ,15.867000
270,6,25,1 4 8 14 15 23 ,15.867000
271,12,25,3 4 7 10 12 14 16 18 20 21 22 25 ,15.867000
272,8,25,3 5 6 7 11 13 15 19 ,15.867000
273,16,25,1 3 4 6 7 8 10 11 12 16 17 18 19 20 22 24 ,15.867000
274,24,25,1 2 3 4 5 6 7 8 9 10 11 12 13 14 15 16 17 18 19 21 22 23 24 25 ,15.867000
275,19,25,2 3 5 6 7 9 10 12 13 14 15 16 17 18 20 21 22 23 25 ,15.867000
276,18,25,1 2 4 5 6 8 11 12 13 14 16 17 18 20 21 22 24 25 ,15.867000
277,23,25,1 2 3 4 5 6 7 9 10 11 12 13 15 16 17 18 19 20 21 22 23 24 25 ,15.867000
278,22,25,2 3 4 5 6 7 8 9 10 11 14 15 16 17 18 19 20 21 22 23 24 25 ,15.867000
279,19,25,2 3 4 5 6 7 8 9 10 13 14 15 16 17 18 19 20 21 23 ,15.867000
280,25,25,1 2 3 4 5 6 7 8 9 10 11 12 13 14 15 16 17 18 19 20 21 22 23 24 25 ,15.867000
281,22,25,2 3 4 5 6 7 8 9 10 11 12 13 15 16 17 18 19 20 21 22 24 25 ,15.867000
282,21,25,1 2 3 4 5 6 7 8 9 11 12 13 14 16 18 19 20 21 22 23 24 ,15.867000
283,18,25,1 2 3 4 6 7 9 11 12 13 14 15 18 19 20 23 24 25 ,15.867000
284,7,25,10 11 14 19 20 22 23 ,15.867000
285,25,25,1 2 3 4 5 6 7 8 9 10 11 12 13 14 15 16 17 18 19 20 21 22 23 24 25 ,15.867000
286,22,25,1 2 4 5 6 7 8 9 10 11 12 13 14 15 16 17 18 21 22 23 24 25 ,15.867000
287,4,25,3 4 6 9 ,15.867000
288,24,25,1 2 3 4 5 6 7 8 9 10 11 12 13 15 16 17 18 19 20 21 22 23 24 25 ,15.867000
289,18,25,1 3 4 5 7 8 9 10 11 12 13 14 15 19 21 23 24 25 ,15.867000
290,12,25,3 4 8 10 11 12 15 16 18 22 23 25 ,15.867000
291,24,25,1 2 3 4 5 7 8 9 10 11 12 13 14 15 16 17 18 19 20 21 22 23 24 25 ,15.867000
292,21,25,1 2 3 5 6 8 9 10 12 13 14 15 16 17 18 19 20 21 23 24 25 ,15.867000
293,7,25,2 6 9 18 19 22 24 ,15.867000
294,8,25,4 7 8 11 12 15 16 21 ,15.867000
295,19,25,1 2 3 4 5 7 8 9 11 12 13 14 15 18 19 20 21 22 23 ,15.867000
296,7,25,5 7 8 11 12 15 25 ,15.867000
297,10,25,4 6 7 8 10 15 17 18 20 21 ,15.867000
298,4,25,4 16 18 19 ,15.867000
299,21,25,2 3 4 5 6 8 9 10 11 12 13 14 15 17 18 19 20 21 22 23 25 ,15.867000
300,23,25,1 2 3 4 5 6 7 8 9 10 11 12 13 15 16 17 19 20 21 22 23 24 25 ,15.867000
301,21,25,1 2 3 4 6 7 8 10 11 12 13 14 15 16 17 18 19 20 22 24 25 ,15.867000
302,7,25,2 4 10 11 12 13 19 ,15.867000
303,24,25,1 2 3 4 5 6 7 8 10 11 12 13 14 15 16 17 18 19 20 21 22 23 24 25 ,15.867000
304,16,25,1 2 6 7 8 9 12 13 14 15 16 17 18 19 21 24 ,15.867000
305,15,25,1 2 3 5 6 7 9 11 13 15 16 18 20 21 23 ,15.867000
306,11,25,3 4 5 8 11 13 15 17 20 23 24 ,15.867000
307,8,25,3 8 11 14 18 19 21 25 ,15.867000
308,11,25,1 7 8 9 11 12 15 16 17 18 19 ,15.867000
309,25,25,1 2 3 4 5 6 7 8 9 10 11 12 13 14 15 16 17 18 19 20 21 22 23 24 25 ,15.867000
310,19,25,1 2 3 4 6 7 8 9 11 12 13 14 17 18 19 20 21 22 23 ,15.867000
311,7,25,3 4 7 12 14 22 23 ,15.867000
312,15,25,1 3 4 5 8 10 11 12 14 15 16 20 21 23 24 ,15.867000
313,8,25,1 2 4 8 9 10 11 15 ,15.867000
314,5,25,8 9 10 18 21 ,15.867000
315,5,25,2 11 15 23 24 ,15.867000
316,11,25,1 2 4 12 14 15 17 18 20 24 25 ,15.867000
317,3,25,4 8 16 ,15.867000
318,16,25,1 2 3 4 5 6 9 11 12 16 17 18 19 22 23 25 ,15.867000
319,3,25,2 13 17 ,15.867000
320,19,25,1 2 3 5 6 9 10 11 12 13 14 15 16 18 19 20 21 24 25 ,15.867000
321,10,25,2 4 9 10 15 18 19 21 23 25 ,15.867000
322,19,25,2 3 4 5 7 8 9 11 12 13 14 15 16 18 19 20 22 24 25 ,15.867000
323,5,25,8 15 17 20 25 ,15.867000
324,11,25,1 3 5 7 12 14 18 19 22 23 24 ,15.867000
325,13,25,1 2 3 5 6 7 8 10 14 15 17 18 24 ,15.867000
326,9,25,1 3 5 7 9 14 17 20 23 ,15.867000
327,14,25,2 3 5 6 7 9 14 15 16 17 19 20 22 25 ,15.867000
328,13,25,4 5 7 9 11 13 16 17 19 20 21 24 25 ,15.867000
329,17,25,1 2 3 6 7 8 9 10 11 12 14 15 16 18 19 21 22 ,15.867000
330,22,25,1 2 4 5 6 7 8 9 10 11 12 13 14 15 16 17 19 20 22 23 24 25 ,15.867000
331,3,25,4 19 21 ,15.867000
332,17,25,4 5 6 7 8 9 11 13 16 17 18 20 21 22 23 24 25 ,15.867000
333,21,25,1 2 3 4 5 6 7 8 9 10 11 12 13 14 15 17 18 20 22 23 24 ,15.867000
334,5,25,2 7 12 16 17 ,15.867000
335,21,25,1 2 4 5 6 8 9 10 11 12 14 15 16 17 18 20 21 22 23 24 25 ,15.867000
336,15,25,1 4 5 6 7 8 11 12 13 14 15 19 20 23 25 ,15.867000
337,22,25,1 2 3 4 5 6 7 8 9 10 11 12 14 15 16 19 20 21 22 23 24 25 ,15.867000
338,15,25,1 2 3 9 10 11 12 13 15 18 19 20 21 22 24 ,15.867000
339,11,25,4 5 6 7 9 11 13 14 16 21 24 ,15.867000
340,10,25,1 2 4 5 11 13 15 21 22 25 ,15.867000
341,7,25,1 3 5 9 10 12 21 ,16.240000
342,11,25,9 12 13 15 17 18 19 21 22 24 25 ,16.240000
343,16,25,2 4 5 6 7 8 13 14 15 16 17 18 20 21 23 25 ,16.240000
344,24,25,1 2 3 4 5 6 7 9 10 11 12 13 14 15 16 17 18 19 20 21 22 23 24 25 ,16.240000
345,12,25,2 3 4 6 9 15 16 18 22 23 24 25 ,16.240000
346,4,25,10 12 13 18 ,16.240000
347,24,25,1 2 3 4 5 6 7 8 9 10 11 12 13 14 15 16 17 18 19 20 21 22 23 25 ,16.240000
348,3,25,6 9 17 ,16.240000
349,16,25,1 2 5 6 8 9 12 13 14 15 17 18 20 23 24 25 ,16.240000
350,22,25,1 3 4 5 6 7 8 9 10 11 12 13 14 17 18 19 20 21 22 23 24 25 ,16.240000
351,12,25,4 6 8 9 10 11 13 14 15 16 21 23 ,16.240000
352,17,25,2 4 8 9 10 11 12 13 14 15 17 19 20 21 22 23 25 ,16.240000
353,4,25,1 16 18 24 ,16.240000
354,9,25,2 4 7 9 12 13 19 22 25 ,16.240000
355,15,25,1 2 3 4 5 8 10 12 14 15 16 18 21 22 23 ,16.240000
356,12,25,1 2 5 6 11 12 14 15 20 21 22 23 ,16.240000
357,10,25,3 6 10 11 12 14 16 17 21 25 ,16.240000
358,20,25,2 3 5 6 7 8 9 10 12 13 14 16 18 19 20 21 22 23 24 25 ,16.240000
359,14,25,1 3 4 5 6 7 9 10 12 17 18 21 23 25 ,16.240000
360,20,25,4 5 6 8 9 10 11 12 13 14 15 16 17 18 19 20 22 23 24 25 ,16.240000
361,4,25,9 11 18 21 ,16.240000
362,16,25,2 3 4 5 6 7 8 12 13 14 15 17 18 20 21 25 ,16.240000
363,22,25,1 2 4 5 6 7 8 9 10 11 13 14 15 16 17 18 19 20 22 23 24 25 ,16.240000
364,8,25,3 8 9 13 14 18 22 25 ,16.240000
365,21,25,1 2 3 4 5 6 7 8 11 13 14 15 16 17 18 19 20 21 22 24 25 ,16.240000
366,14,25,1 3 5 8 11 12 13 14 16 17 19 20 21 24 ,16.240000
367,24,25,1 2 3 4 5 6 7 8 9 10 11 12 13 14 15 16 17 18 19 20 21 22 23 25 ,16.240000
368,7,25,4 11 13 14 17 23 25 ,16.240000
369,22,25,1 2 4 5 6 7 8 9 10 11 12 13 14 15 16 17 20 21 22 23 24 25 ,16.240000
370,20,25,1 2 3 4 5 6 8 9 10 12 13 17 18 19 20 21 22 23 24 25 ,16.240000
371,10,25,3 4 6 7 8 11 13 16 17 20 ,16.240000
372,2,25,4 11 ,16.240000
373,8,25,7 10 11 12 14 15 18 19 ,16.240000
374,14,25,2 3 5 6 10 12 14 15 16 19 21 22 23 25 ,16.240000
375,9,25,1 4 8 9 10 13 18 21 22 ,16.240000
376,9,25,2 3 6 7 8 10 13 23 25 ,16.240000
377,6,25,3 17 18 22 24 25 ,16.240000
378,12,25,1 3 4 6 8 10 13 17 18 22 24 25 ,16.240000
379,7,25,1 3 5 7 8 14 20 ,16.240000
380,2,25,7 25 ,16.240000
381,3,25,2 5 16 ,16.240000
382,5,25,3 9 13 15 16 ,16.240000
383,20,25,1 3 4 5 6 7 9 10 11 12 13 15 16 17 19 20 22 23 24 25 ,16.240000
384,12,25,1 5 6 9 10 14 16 17 19 21 23 24 ,16.240000
385,19,25,1 2 4 5 7 8 9 10 12 13 15 16 19 20 21 22 23 24 25 ,16.240000
386,18,25,2 3 5 6 7 8 11 12 13 15 16 17 18 20 21 22 23 24 ,16.240000
387,22,25,1 2 4 5 6 7 8 9 10 11 12 13 16 17 18 19 20 21 22 23 24 25 ,16.240000
388,2,25,17 24 ,16.240000
389,12,25,1 2 3 4 8 11 12 13 16 17 18 23 ,16.240000
390,10,25,4 6 8 11 13 14 15 16 19 25 ,16.240000
391,22,25,1 2 4 5 6 7 8 10 11 12 13 14 15 16 17 18 19 20 21 22 23 25 ,16.240000
392,18,25,2 3 4 5 6 7 8 9 12 13 14 15 16 18 20 21 22 25 ,16.240000
393,2,25,5 17 ,16.240000
394,3,25,15 16 20 ,16.240000
395,22,25,1 2 3 4 5 6 7 9 10 11 12 13 14 15 16 17 18 20 21 22 23 25 ,16.240000
396,8,25,1 11 12 14 15 20 22 25 ,16.240000
397,4,25,3 16 17 20 ,16.240000
398,9,25,9 10 11 14 16 17 18 20 23 ,16.240000
399,15,25,1 2 3 4 6 8 10 13 14 16 19 20 21 23 24 ,16.240000
400,21,25,1 2 3 4 5 6 7 8 9 12 13 14 15 17 18 19 20 21 23 24 25 ,16.240000
401,7,25,1 7 13 15 20 23 24 ,16.240000
402,5,25,1 11 17 24 25 ,16.240000
403,24,25,1 2 3 4 5 6 7 8 9 10 11 12 13 14 15 17 18 19 20 21 22 23 24 25 ,16.240000
404,17,25,3 4 5 7 9 11 12 13 15 16 17 18 20 21 22 23 24 ,16.240000
405,2,25,3 9 ,16.240000
406,10,25,3 4 7 9 10 11 16 19 21 22 ,16.240000
407,25,25,1 2 3 4 5 6 7 8 9 10 11 12 13 14 15 16 17 18 19 20 21 22 23 24 25 ,16.240000
408,23,25,1 2 3 4 5 7 8 9 10 11 12 13 14 15 16 18 19 20 21 22 23 24 25 ,16.240000
409,16,25,2 4 5 7 8 9 10 12 13 14 15 16 21 22 23 25 ,16.240000
410,19,25,1 2 3 6 7 10 11 12 13 14 15 16 17 18 19 20 21 23 24 ,16.240000
411,10,25,1 3 4 5 10 14 15 17 20 21 ,16.240000
412,5,25,1 2 14 15 22 ,16.240000
413,20,25,1 2 3 5 6 8 9 10 11 12 13 15 16 17 20 21 22 23 24 25 ,16.240000
414,6,25,4 6 18 19 20 22 ,16.240000
415,5,25,6 10 11 23 24 ,16.240000
416,22,25,2 3 4 5 6 7 9 10 11 12 13 14 15 16 17 18 19 21 22 23 24 25 ,16.240000
417,18,25,1 2 3 4 5 6 8 9 10 11 14 15 16 18 19 21 23 24 ,16.240000
418,9,25,2 5 6 7 8 12 13 17 22 ,16.240000
419,21,25,1 2 3 4 6 7 8 9 11 13 14 15 16 17 18 20 21 22 23 24 25 ,16.240000
420,14,25,3 5 6 7 10 11 12 13 15 16 17 19 20 25 ,16.240000
421,25,25,1 2 3 4 5 6 7 8 9 10 11 12 13 14 15 16 17 18 19 20 21 22 23 24 25 ,16.240000
422,11,25,5 6 7 11 13 14 15 16 21 24 25 ,16.240000
423,17,25,2 4 5 6 8 10 11 13 14 16 17 18 19 20 21 22 24 ,16.240000
424,5,25,1 8 14 19 25 ,16.240000
425,17,25,1 3 5 6 7 8 10 11 12 13 16 17 18 19 20 23 25 ,16.240000
426,10,25,8 12 15 16 17 19 20 22 24 25 ,16.240000
427,5,25,2 7 18 23 25 ,16.240000
428,3,25,2 14 16 ,16.240000
429,11,25,4 5 6 8 16 17 18 20 21 22 23 ,16.240000
430,7,25,2 3 10 12 17 19 21 ,16.240000
431,17,25,4 6 7 8 9 11 13 15 16 17 18 19 20 21 22 23 25 ,16.240000
432,25,25,1 2 3 4 5 6 7 8 9 10 11 12 13 14 15 16 17 18 19 20 21 22 23 24 25 ,16.240000
433,10,25,3 8 9 11 12 13 15 16 22 23 ,16.240000
434,8,25,4 11 16 18 19 20 24 25 ,16.240000
435,13,25,4 5 6 7 8 10 11 19 20 21 22 23 25 ,16.240000
436,9,25,1 4 6 8 10 13 17 20 24 ,16.240000
437,13,25,2 4 5 7 8 12 14 16 18 19 21 24 25 ,16.240000
438,8,25,2 4 9 10 15 21 22 24 ,16.240000
439,23,25,1 3 4 5 6 7 8 9 10 11 12 13 14 15 17 18 19 20 21 22 23 24 25 ,16.240000
440,10,25,1 3 4 5 6 13 15 16 17 23 ,16.240000
441,5,25,3 11 13 17 22 ,16.240000
442,7,25,1 12 17 18 20 21 25 ,16.240000
443,18,25,2 4 5 6 7 9 10 11 12 13 15 16 17 19 21 22 23 25 ,16.240000
444,6,25,1 6 7 8 15 19 ,16.240000
445,22,25,1 2 3 4 5 6 7 8 9 10 12 14 15 16 17 18 19 20 21 22 24 25 ,16.240000
446,3,25,8 15 20 ,16.240000
447,4,25,9 13 17 25 ,16.240000
448,10,25,1 3 5 6 8 9 17 19 20 25 ,16.240000
449,24,25,1 2 3 4 6 7 8 9 10 11 12 13 14 15 16 17 18 19 20 21 22 23 24 25 ,16.240000
450,18,25,2 3 4 6 7 8 10 11 12 13 14 15 16 17 18 19 21 23 ,16.240000
451,23,25,1 3 4 5 7 8 9 10 11 12 13 14 15 16 17 18 19 20 21 22 23 24 25 ,16.240000
452,16,25,1 3 6 7 8 9 10 15 16 17 19 21 22 23 24 25 ,16.240000
453,25,25,1 2 3 4 5 6 7 8 9 10 11 12 13 14 15 16 17 18 19 20 21 22 23 24 25 ,16.240000
454,4,25,5 6 11 24 ,16.240000
455,5,25,2 4 16 22 23 ,16.240000
456,10,25,6 7 10 13 14 15 17 19 20 24 ,16.240000
457,24,25,1 2 3 4 5 6 7 8 9 10 12 13 14 15 16 17 18 19 20 21 22 23 24 25 ,16.240000
458,25,25,1 2 3 4 5 6 7 8 9 10 11 12 13 14 15 16 17 18 19 20 21 22 23 24 25 ,16.240000
459,16,25,1 3 5 6 8 10 11 12 13 15 16 17 18 21 23 24 ,16.240000
460,19,25,3 4 5 6 7 8 9 10 11 14 16 17 18 19 20 22 23 24 25 ,16.240000
461,15,25,1 2 3 4 6 8 9 12 13 14 17 21 23 24 25 ,16.240000
462,4,25,1 6 8 16 ,16.240000
463,4,25,1 4 17 19 ,16.240000
464,7,25,1 6 11 16 18 19 22 ,16.240000
465,14,25,2 3 4 5 6 7 10 11 13 16 20 21 22 24 ,16.240000
466,22,25,1 2 3 4 5 6 7 8 9 10 12 13 14 15 16 17 18 19 20 21 23 24 ,16.240000
467,18,25,2 3 4 5 6 8 9 11 13 16 17 18 20 21 22 23 24 25 ,16.240000
468,22,25,1 2 3 5 6 7 8 9 10 11 12 13 14 15 16 17 18 21 22 23 24 25 ,16.240000
469,23,25,1 2 3 4 6 7 8 9 10 11 13 14 15 16 17 18 19 20 21 22 23 24 25 ,16.240000
470,22,25,1 2 3 4 5 6 7 8 9 10 11 12 13 15 18 19 20 21 22 23 24 25 ,16.240000
471,23,25,1 2 3 4 5 6 7 8 9 10 12 13 14 15 16 17 18 19 20 21 22 23 25 ,16.240000
472,2,25,9 21 ,16.240000
473,4,25,4 6 12 20 ,16.240000
474,22,25,1 2 3 4 5 6 8 9 10 11 12 13 14 15 16 19 20 21 22 23 24 25 ,16.240000
475,4,25,6 14 18 22 ,16.240000
476,6,25,16 17 18 23 24 25 ,16.240000
477,8,25,6 9 13 14 16 19 21 22 ,16.240000
478,24,25,1 2 3 5 6 7 8 9 10 11 12 13 14 15 16 17 18 19 20 21 22 23 24 25 ,16.240000
479,8,25,8 9 11 14 15 20 21 24 ,16.240000
480,13,25,1 2 4 6 8 11 13 15 16 19 20 21 24 ,16.240000
481,18,25,4 5 6 7 9 11 12 13 14 15 16 17 18 19 20 21 24 25 ,16.240000
482,25,25,1 2 3 4 5 6 7 8 9 10 11 12 13 14 15 16 17 18 19 20 21 22 23 24 25 ,16.240000
483,9,25,1 7 9 10 12 14 18 20 24 ,16.240000
484,16,25,1 2 4 5 6 7 8 9 10 11 12 16 17 19 22 23 ,16.240000
485,14,25,1 2 3 5 6 7 8 10 11 12 13 20 22 24 ,16.240000
486,2,25,16 19 ,16.240000
487,6,25,2 4 7 8 10 22 ,16.240000
488,25,25,1 2 3 4 5 6 7 8 9 10 11 12 13 14 15 16 17 18 19 20 21 22 23 24 25 ,16.240000
489,17,25,2 3 5 8 9 10 13 14 15 16 19 20 21 22 23 24 25 ,16.240000
490,9,25,4 5 7 10 13 19 21 23 25 ,16.240000
491,8,25,1 4 7 8 10 20 22 23 ,16.240000
492,18,25,1 3 7 8 9 10 12 13 14 15 16 17 18 21 22 23 24 25 ,16.240000
493,6,25,7 8 14 16 19 23 ,16.240000
494,2,25,2 14 ,16.240000
495,16,25,1 4 5 6 8 9 10 12 14 15 16 20 21 23 24 25 ,16.240000
496,17,25,2 4 5 6 7 9 13 14 15 16 18 19 20 21 22 23 25 ,16.240000
497,24,25,1 2 3 4 5 6 7 9 10 11 12 13 14 15 16 17 18 19 20 21 22 23 24 25 ,16.240000
498,2,25,21 25 ,16.240000
499,9,25,2 3 5 6 13 17 18 21 22 ,16.240000
500,7,25,5 13 14 18 20 21 24 ,16.240000
RELATORIO DA EXPERIENCIA:
MELHOR RESULTADO: 16.240000, COM 7 NUMEROS
POSTOS DA MELHOR SOLUÇÃO: 3,5,8,18,21,23,25,